c0_v1_stage2_stack,c1_v1_stage2_stack,c2_v1_stage2_stack,c3_v1_stage2_stack,c4_v1_stage2_stack,c5_v1_stage2_stack,c6_v1_stage2_stack,c7_v1_stage2_stack,c8_v1_stage2_stack,c9_v1_stage2_stack
4.96751774404e-16,0.0491720798018,3.03542501826e-15,7.08492989501e-10,0.950822027261,1.04484174901e-09,9.86181768238e-08,2.3014958786e-06,3.49106990684e-06,2.42261246598e-15
0.999895555275,4.09157592855e-12,8.35229868702e-05,1.56840542568e-06,6.46899543572e-10,8.35696974494e-10,2.05395469635e-06,3.61258328045e-09,1.27958217069e-05,4.49845712976e-06
0.99987705708,1.38049843062e-11,1.87774528756e-06,2.84093686627e-07,3.35050310047e-10,7.09080972819e-07,1.69047068658e-05,8.73267410211e-10,0.00010308359394,8.24771993649e-08
5.29702166584e-11,9.52369518732e-07,0.079830060534,0.920159541725,2.11238408548e-16,1.16345708277e-10,3.34642196935e-22,4.37010406499e-09,1.75891155814e-08,9.42324296763e-06
4.74268762867e-08,4.08485176507e-08,3.03462534503e-13,3.40257982674e-05,5.68712740085e-09,0.994718474363,9.43972956879e-07,7.30888395323e-13,6.6870315663e-05,0.00517959158625
3.23170724992e-09,3.71747720611e-08,0.00975075954956,0.989658161424,4.33612297414e-15,6.99224041867e-05,2.21174345843e-09,3.23931020569e-10,0.000280067407331,0.000241046272548
2.63373249633e-08,7.23605283513e-09,1.41085144991e-06,2.01471297058e-07,1.00717993768e-07,4.67017139811e-10,3.9797842197e-06,2.9988650092e-06,0.999944511431,4.67628384624e-05
4.46711847141e-06,1.16613915882e-10,2.54750881785e-14,8.13576957697e-07,5.70328521877e-12,0.999887823945,6.48716486195e-06,1.26026376453e-12,9.63887058911e-05,4.01936495091e-06
9.56121773902e-06,9.37255314342e-10,6.26133168013e-15,4.35537226035e-15,0.00029177002494,0.953465049547,3.22765138201e-13,0.0243024810104,2.96025890718e-09,0.0219311343023
1.61168056257e-08,6.17300899349e-10,4.40681621311e-06,6.49156078193e-06,1.51959766768e-09,6.1775424742e-10,1.60056426631e-05,5.30433570265e-06,0.999958956055,8.81671815379e-06
5.29800781625e-09,0.00012777092486,0.999781809963,1.72560449303e-10,7.27009104908e-15,5.9261490613e-05,2.24496287637e-05,7.5220941664e-16,8.64018351751e-06,6.23389840689e-08
4.32824835403e-09,7.50891554194e-11,7.46182762763e-10,3.83004356277e-07,1.13242304137e-07,6.04689947276e-08,0.000222387000688,1.59312885419e-10,0.999777046144,4.83080469685e-09
4.63289608519e-14,4.78694441635e-08,0.99999437468,5.50964711441e-06,1.51503177212e-16,6.93878013664e-10,2.75972967032e-14,9.0884269129e-14,3.79336621051e-08,2.91755031609e-08
3.21617535151e-10,3.75093447016e-07,6.30641928737e-06,1.80800570981e-08,0.0142489609425,2.67008030592e-08,2.93104636148e-13,0.985741353547,2.95866138445e-06,2.33378202422e-10
0.998209998046,5.10119233858e-07,3.38878945115e-06,4.09973608883e-08,8.6472922757e-11,2.37971984916e-05,1.9074133329e-06,2.70221115675e-10,0.00168477257655,7.55845029404e-05
1.02005172258e-11,0.240436206338,0.759534470237,8.56090895314e-09,2.7436528693e-09,1.12275495269e-05,2.6654122452e-11,5.94252576847e-12,1.06406345579e-07,1.79781219715e-05
1.60932866211e-11,1.77112550294e-07,4.17229756313e-06,0.999236012675,2.19572485883e-15,2.59839415694e-05,3.64149849239e-11,1.12190641213e-08,9.17943999943e-06,0.000724463261678
2.01403238477e-05,1.6094236096e-06,8.640352736e-08,1.82942448279e-08,1.25988338692e-05,6.4179817519e-06,0.999933542415,6.59476828657e-06,1.89023960219e-05,8.91600407137e-08
4.90742955604e-06,2.12957244658e-06,1.36641314266e-15,2.40192977669e-14,0.983757145671,1.93967227826e-10,1.43614727644e-08,9.00618478893e-07,0.0162349021451,8.45279776009e-12
4.51992445488e-08,1.04214638745e-09,5.93309366474e-12,2.567649764e-16,0.9999946198,4.84042931892e-11,2.91037080351e-07,4.93637228495e-06,1.06495308307e-07,1.17822517981e-19
0.990561554077,2.90680386386e-07,1.00762482459e-06,1.01356756145e-09,1.79743221514e-08,0.00939927284777,1.35035804529e-08,9.00900299045e-08,2.99190235016e-05,7.83316468318e-06
8.10889403315e-11,5.84259733677e-05,0.999894450644,4.57639320516e-05,2.7818874121e-11,1.70430242945e-14,7.24755109028e-16,4.87844983247e-13,1.3567873088e-06,2.5536595933e-09
3.65252112989e-08,0.981219090474,7.94566362135e-10,8.16687282066e-15,0.00339270470204,1.03555613978e-05,0.00147699363126,7.07724476867e-09,0.0139007970663,1.41677166794e-08
2.04984924102e-07,6.50547807325e-06,6.41103870781e-12,3.87073187611e-09,4.90095873828e-09,4.14405732814e-05,0.999951686341,5.12102320626e-16,1.53839766428e-07,4.76041404413e-12
1.0006745945e-11,2.00152719204e-07,3.14195147858e-09,2.38580176384e-16,0.000963561558529,4.24065198366e-12,1.13777145349e-14,0.999033990695,2.24433432893e-06,1.0325980652e-10
2.92548512184e-11,2.04221621006e-08,1.20944802654e-09,1.75290846276e-11,8.01553502887e-10,1.5129776723e-11,0.00291437300879,3.59478834638e-14,0.997076144279,9.4602170425e-06
4.05649550078e-05,1.00474028408e-08,7.4664948695e-10,7.93357278034e-13,0.000135881894725,0.000522057310354,0.99815023853,8.06882653934e-13,0.00115124651413,3.42066611278e-15
2.29570032384e-12,1.29653734056e-07,2.97347297986e-07,0.999972812595,6.89182789194e-13,6.7010356481e-06,3.67833370545e-12,6.53872615407e-09,7.57108039037e-06,1.24817427592e-05
6.13073542134e-09,0.0270814946436,0.890150820498,5.07295217802e-14,1.59363830083e-09,0.00166956624452,0.000188928617535,1.39033345889e-14,0.0809090537312,1.28540567847e-07
1.26027721196e-08,0.610069115709,0.0908506151431,1.56049920229e-08,0.0137856712848,0.000100213342962,5.63106287009e-08,0.240614031106,0.0138956130444,0.0306846558512
6.27888816986e-10,2.31435616834e-05,7.02334497952e-09,0.000248707206995,1.93671488491e-08,6.26771468568e-16,1.72313177849e-07,5.81929980111e-08,0.999445253504,0.000282638202315
7.81254373292e-10,4.59580498863e-11,8.50821103999e-15,5.33507139828e-05,9.91289110898e-08,0.87749561763,0.122178378309,2.92513987846e-15,5.25031710954e-05,0.000220050218912
1.24515457346e-08,7.86079966407e-09,3.90851274614e-08,1.70198872456e-08,3.31007594029e-07,0.00130085980375,1.29536731541e-11,0.9986984722,2.03074461372e-07,5.74840705366e-08
2.09879163963e-16,2.65900750668e-07,0.991542690066,0.00845685696992,2.44628169483e-14,1.2273327306e-07,3.25254672215e-16,5.75547223631e-11,6.4272326461e-08,2.88727296613e-15
9.22243353551e-09,1.90253561161e-08,1.8490949554e-05,1.0633503495e-13,6.52924791417e-05,4.01357058256e-09,0.00344707514111,2.73626951228e-06,0.996465363611,1.00928782612e-06
9.02814117208e-07,0.000906021846441,1.61125324367e-07,2.85170120451e-07,3.76832882336e-05,0.000189448733385,1.21081773385e-09,0.47670798749,0.0554575135678,0.466699994754
1.36815385057e-09,4.29816315956e-10,8.97090871038e-09,0.998288986817,5.53986795557e-16,3.5268371639e-05,3.96623274031e-13,7.23023322306e-13,2.56261121207e-05,0.0016501079295
2.06813556002e-06,1.32337438177e-10,0.00725252804897,0.992495044909,3.30001763156e-16,2.28708972315e-07,1.8546433925e-16,9.4482232659e-07,5.75952601078e-07,0.000248609290237
5.08051961613e-09,3.99627324257e-06,4.38977588954e-08,4.95173549742e-10,2.93099164455e-09,0.999386581937,1.98992614729e-11,0.000144099189942,0.000459765927445,5.50424803781e-06
1.43830836068e-12,0.900319160014,1.73877669362e-06,4.19597050584e-09,1.20617287907e-10,4.60320313115e-08,0.0974919185643,1.74015353956e-14,0.00218713228723,7.44011859843e-12
4.69406116918e-07,1.17032349259e-11,2.1452715016e-08,0.000134935219091,8.57716418507e-13,2.46782760828e-07,1.30759558804e-14,3.30508409543e-09,3.61150091926e-06,0.999860712321
1.43680026051e-12,1.51434738987e-09,1.08881734495e-06,0.999994136743,1.13785126093e-15,4.94406280625e-07,2.01048638591e-17,1.84811175718e-06,2.4237526341e-06,6.65310209335e-09
2.65198464958e-11,0.000176706062371,3.1156784907e-06,0.00104631729608,6.9846691731e-14,3.63217914146e-17,3.88081061743e-07,9.20214811517e-09,0.998768852537,4.61111626526e-06
5.34712057757e-08,3.0870327887e-09,4.13669507245e-14,3.9516623272e-22,0.999995347376,1.91099036831e-09,8.5773731444e-09,4.58505227084e-06,5.24954662534e-10,1.37303868158e-26
0.999972547051,5.53053763845e-13,1.70543163505e-08,1.78199948923e-07,5.64132272663e-09,1.60926713927e-08,8.18205001186e-06,1.09313969144e-10,1.90533032246e-05,4.97191798084e-10
1.08011836332e-06,1.10142088254e-05,1.85657841696e-11,4.08961366882e-07,0.00134945878663,3.75284784981e-09,5.39891661226e-10,0.00108764081887,0.0406611884039,0.956889204391
0.00080427410612,2.35018192221e-05,1.33789533444e-08,1.29274646722e-10,3.77941602712e-07,3.91676412585e-05,0.998787100803,6.69218976648e-13,0.000345564148595,3.13857601496e-11
6.84095266756e-16,0.923155139498,1.7569753761e-07,3.64573457068e-12,0.000659391499282,4.37742723513e-11,0.0400397628014,1.64351554395e-12,0.0361455259375,4.51712989073e-09
1.55379185076e-10,1.01145777692e-06,2.01238463678e-13,0.00503480265726,1.27356794122e-12,0.994855465694,1.36587724923e-08,6.31096051543e-11,0.000103016298044,5.69001374312e-06
0.998108967173,2.54568129502e-10,1.89532776387e-07,2.27599141941e-07,6.39355334131e-10,0.00166624834951,1.5469526083e-06,1.26241884267e-08,0.000221981132059,8.25742433365e-07
6.32804022986e-11,5.55493468189e-08,5.75356564962e-06,0.981194977738,3.46484587073e-16,2.7915312819e-06,1.80321448459e-12,2.34450340502e-07,0.0187780063911,1.81807095391e-05
3.5941709036e-05,1.91496914549e-07,5.14352581794e-12,6.8049723158e-17,0.999961599149,9.42834272286e-17,2.83076366675e-07,1.94664683202e-09,1.98261731841e-06,1.08802288127e-16
1.15258405157e-11,3.61737471912e-11,1.84499885882e-07,0.999154295516,8.05546087885e-19,2.68514877313e-07,2.73062699019e-09,2.77222803771e-09,0.0008411280448,4.11787387373e-06
4.31359390366e-06,2.1630552041e-06,1.01619722568e-08,8.85071345146e-06,5.50661016448e-07,6.09895996472e-07,0.949791577172,5.63091781277e-12,0.0501919247405,7.11847160947e-13
1.63708351208e-11,0.992312460733,1.80402708002e-06,1.41665364503e-10,3.13856505472e-05,3.36481951712e-06,1.68068360873e-05,2.2382144497e-07,0.00763388639604,6.75586366059e-08
4.09331429028e-13,7.17013266284e-07,0.999998627889,8.89248714262e-09,2.30033664876e-13,6.44993804449e-07,2.07153939505e-17,2.69746087259e-12,5.40877201762e-12,1.20274535818e-09
1.02178213775e-07,5.13376047579e-05,7.57547036656e-16,1.34233592216e-05,0.00162280570607,3.89185880405e-07,2.19278890063e-09,0.998281474604,1.96175443459e-06,2.85034148419e-05
1.78088777577e-07,5.817437001e-09,8.77608329223e-08,1.32326463341e-07,0.000306766901193,1.56263634616e-07,0.999356783416,1.03192799401e-09,0.000335888392937,3.16551654585e-13
0.000391869405458,1.55172775739e-06,2.99231120529e-08,1.9722007356e-08,1.61396223001e-06,0.00779087735961,2.21264524517e-11,0.991767292007,6.88558916203e-08,4.66770152291e-05
2.27448935247e-12,0.999963617386,3.24290625786e-10,3.18998879326e-14,2.64475556624e-09,3.1423964593e-14,2.04901162142e-09,3.26181524956e-07,3.60510911463e-05,3.20434406566e-10
8.06020215075e-08,6.61020292809e-06,5.78958100741e-08,1.04536750238e-08,7.91246786843e-07,3.79771092485e-10,0.9998436764,1.08747542392e-06,0.000147682027031,3.31699299087e-09
4.07643050552e-11,0.994568255511,2.39623421187e-10,1.79447684014e-18,0.0045275584788,4.00898740024e-10,1.00277795438e-08,2.04028784832e-07,0.000903971272629,4.66841782832e-14
1.75145363473e-14,0.99082346225,2.4688243415e-07,0.0063830553714,1.89609293894e-06,8.15512341165e-12,8.47202611986e-16,0.000284418247286,0.00234378007026,0.000163141077579
0.000153741372221,2.95291084647e-12,2.81578747925e-09,2.55879823704e-16,0.999843004826,1.76997465666e-08,2.06184330829e-09,3.19554125684e-06,3.56806188647e-08,1.00923344005e-24
1.77390207763e-08,1.18571341076e-07,0.999957757362,4.19819180156e-05,1.29823004617e-14,1.97912486659e-12,8.14762238191e-11,7.06499243999e-09,1.16067628753e-07,1.19305625461e-09
2.54419568971e-12,1.3105371977e-06,1.45456559496e-06,0.990453344388,3.80531971016e-14,1.40346963455e-07,3.84533640194e-18,6.48199986215e-14,5.98508596235e-05,0.00948389930009
1.05275757807e-10,5.3398801313e-08,2.58508268011e-05,0.999611683352,1.86787737622e-18,3.61530253032e-08,4.71407929614e-15,2.39983862048e-12,6.69331370639e-06,0.000355682848035
6.39882911938e-18,0.998162893945,0.00125863687018,5.29656166468e-05,1.21760340713e-12,3.77961337341e-10,3.97573475771e-08,1.43597872694e-18,0.000525460316815,3.11529051532e-09
4.31799345754e-12,0.999799370335,8.15545029392e-05,2.43513580084e-19,7.65299866171e-06,9.23264663904e-05,5.50281704698e-06,1.73207163094e-20,3.3342610019e-06,1.0258614174e-05
1.12355429195e-06,3.01452390215e-06,2.92811632776e-06,0.00977934905606,1.10628400482e-11,1.24279289179e-07,1.58172527286e-09,5.92131583751e-09,0.0428723956127,0.947341057343
1.13655618265e-12,3.64411029265e-07,0.999999513635,7.65565792531e-08,8.80274090265e-14,3.27818792368e-08,1.76368927354e-18,1.12164181331e-08,9.44660844809e-10,4.53241709928e-10
1.17745385757e-14,0.999174877882,1.75837829427e-06,1.4389519474e-06,1.71102993566e-08,1.19387307215e-11,3.74551534653e-12,6.56492205116e-05,0.000756258159675,2.81296876967e-10
3.49229257842e-07,4.70601742101e-06,3.65270332334e-08,2.03551118559e-11,0.00130589598338,2.83708413528e-09,1.65623116031e-13,0.296685579702,0.0249426743845,0.677060755298
3.64196631084e-09,0.00538220120847,0.000569095674544,3.90527416588e-06,0.00299563912752,1.15344614747e-06,0.875750048637,2.93066661666e-10,0.115297952697,2.67408697234e-14
1.80179603372e-09,2.70044549946e-08,0.00130011897851,0.794579164962,2.55363709613e-15,1.85297766553e-07,4.54172595951e-12,2.70447472427e-09,1.58779605777e-06,0.20411891145
0.826158464729,0.00211466869717,5.59322438687e-11,1.35682930557e-14,0.00726607821862,1.30543935521e-07,0.164433400912,1.69843238463e-12,2.71820569443e-05,7.47846981547e-08
1.99927713471e-12,1.54098236924e-07,1.72856535169e-15,2.51427636463e-08,3.23004588582e-11,0.999999799709,1.37627189084e-10,1.02058471557e-10,1.57633182965e-08,5.01312977596e-09
4.53423055895e-10,4.24269880903e-08,2.65415469647e-16,0.000241468458022,1.79400314412e-14,0.999698892075,5.33496869611e-05,2.09303670893e-10,2.22662759485e-07,6.02402717378e-06
0.999883078711,4.28533887574e-10,7.98697952124e-06,1.84287891538e-09,1.29544706715e-10,5.53633115525e-06,6.72485092347e-05,1.31940475647e-09,3.61412045758e-05,4.54450616167e-09
1.99611326829e-09,2.14236213879e-09,4.28634671249e-12,0.000132630120894,1.64275927683e-12,0.999759760426,6.99839925918e-07,1.22216556756e-08,0.000106557931506,3.35315860898e-07
6.22514849454e-06,6.47584029558e-10,2.19878589223e-09,7.75190894261e-11,4.85845225683e-07,7.23673858555e-11,3.13825128538e-08,1.84235653291e-10,0.999990343268,2.91117495711e-06
7.52891171157e-14,6.45891854949e-06,2.84071408822e-05,5.45977022983e-08,5.8528352919e-11,0.999855947334,1.8075593832e-08,1.22420583167e-05,9.64794544872e-05,3.92361936384e-07
0.00126663432234,8.32421962479e-06,6.51979389514e-07,0.462119200377,5.39038649899e-08,1.63864082633e-06,1.08194409413e-07,1.94629327889e-08,0.00484605917996,0.53175730972
2.98208353432e-07,2.24077249058e-09,4.2490392888e-10,0.129797613042,1.14922007123e-07,2.22414508441e-08,1.28842151879e-08,6.27500128719e-07,0.772812425143,0.0973888833932
1.01254199479e-13,0.000425272805828,2.9053229096e-07,0.00339171132917,1.07551268699e-10,0.995739354435,1.6627829099e-09,1.11744231536e-15,4.11025991585e-05,0.000402266527765
1.10619749466e-09,9.17558102844e-07,0.000796256864248,5.95335440876e-07,2.13512620243e-09,1.37004294725e-10,1.19529582809e-06,1.45315218314e-08,0.998711770347,0.000489246689242
3.04335950683e-09,0.136030366765,5.52076975196e-17,1.76673403955e-10,3.58847087808e-05,8.67555586487e-05,5.54620139649e-12,3.09221121135e-07,0.00446927988235,0.859377400638
2.80804553118e-13,0.0495100122901,0.00296494050133,0.00250172029439,1.52664482171e-06,2.61465198946e-14,8.96167480638e-09,8.45448140497e-09,0.945021776776,6.07644855752e-09
3.27594401998e-12,0.989172349861,4.6274780522e-14,0.00976715979813,0.000102743424553,1.31373691701e-09,1.07915942216e-10,1.37547083732e-12,0.000866597038794,9.11484516419e-05
1.4190102307e-09,6.25892158809e-06,6.83145797419e-10,1.84278818254e-09,1.91780761542e-05,3.71395463181e-09,0.948320696378,1.07502736792e-11,0.0516538589545,2.81426363348e-14
0.999893823215,1.24976119207e-08,4.03962219037e-08,3.44820685401e-09,8.05598728521e-09,3.94304259193e-06,9.92746354786e-05,3.21576191456e-10,2.60101505007e-07,2.63428542353e-06
9.68109205238e-10,0.00711611210731,7.32716700122e-09,1.32574575937e-08,0.000388517835571,3.96278186951e-09,0.983581815752,1.35379629232e-11,0.00891352877557,4.77335009439e-13
1.62935253086e-12,0.997893063105,1.3180344986e-12,7.80150637175e-13,0.00178558145101,1.195797513e-06,8.11936329461e-09,2.16064046895e-12,0.000320145111321,6.41032594846e-09
8.8975068507e-11,2.18057065141e-07,6.6603119476e-08,0.647601044088,9.92729156007e-15,0.352228089018,1.04613384749e-17,0.000170484537352,8.13314319871e-08,1.62760181062e-08
1.02876388511e-08,9.36967392612e-07,1.14070535939e-08,6.59600933664e-10,9.22247687427e-07,1.20046016452e-07,0.999363519578,2.56765369007e-12,0.000634478803693,2.20687801935e-16
3.92139981887e-11,0.000613669333614,0.999296513423,1.30260389245e-12,1.38355492505e-14,8.91611896017e-05,7.36962559716e-10,1.482087018e-13,6.29750737326e-07,2.55251149507e-08
4.71501535364e-09,4.9833662065e-06,0.00218368979306,0.992429620843,1.05294441179e-13,4.66379971193e-06,1.02241838341e-07,1.60362257207e-10,0.00446897618585,0.000907958894691
0.0157984696682,7.46697057694e-08,9.67015011015e-12,4.77133445237e-20,0.984031773917,8.03701859641e-05,8.92682919083e-05,4.252048208e-08,7.37292385974e-10,7.30826626093e-27
4.60222787409e-09,6.42561047638e-06,0.896404884341,0.000127243066391,6.46628161106e-14,1.79702386472e-08,1.77168702439e-06,2.7876579577e-08,0.00786968130531,0.0955899435405
7.68321121381e-12,2.16852183037e-05,0.886619550983,2.30897860683e-08,4.99543073116e-10,0.112240983682,0.000205156123871,5.71963389824e-15,0.000912599905791,4.89579386294e-10
3.86670772254e-11,4.34231642752e-05,2.97432555409e-09,5.5690233839e-07,4.4655121636e-05,3.19502526901e-08,0.999909412916,3.84137284253e-09,1.91309148342e-06,1.32318771034e-14
1.08657288846e-09,3.52689992266e-05,1.45059252823e-05,1.85778165858e-05,2.34818003711e-05,0.000131290857181,0.297769566695,5.11811826497e-12,0.702006948517,3.58297043925e-07
1.40594057947e-07,1.70844768073e-09,0.93945860809,0.0501679009601,1.2074784987e-16,7.74311881561e-06,3.11939804941e-08,4.82457896764e-13,7.06807370504e-06,0.0103585062609
0.999084300015,1.9600320656e-12,0.000915425898583,1.69633933698e-09,1.70951857249e-10,7.41537961525e-12,2.12389338806e-09,2.9409295161e-12,2.69580666255e-07,5.01848866437e-10
3.66912435296e-08,3.40540655329e-06,3.42436314821e-08,6.0155274459e-13,6.27366740594e-09,2.31280833258e-11,0.999988155228,1.30010481618e-11,8.36212009819e-06,2.15486000475e-14
1.22556317982e-10,8.34207248294e-05,2.85149417607e-13,1.72289262006e-06,3.69524008827e-08,0.999839652365,6.99927404045e-08,5.47917473303e-10,6.96238982285e-05,5.47250336405e-06
7.73273178762e-05,1.43131697858e-08,7.92314122698e-08,1.41197399233e-19,0.999922307685,2.87275307496e-12,2.53108125752e-07,5.72967002956e-12,1.83360528962e-08,7.42419750535e-16
1.13041448321e-06,0.000280166388057,4.18633516023e-15,3.38067493691e-21,0.999606527053,7.95800770604e-10,2.24569685721e-06,2.6175618477e-07,0.00010965257118,1.53245431048e-08
1.09357624548e-05,2.00949344504e-08,6.44143338698e-09,8.63471070396e-06,1.66296585088e-08,3.92044006121e-05,0.999899271292,7.04937335982e-12,4.18932718807e-05,1.73889211131e-08
4.89297208631e-08,6.53015774614e-09,1.19604960356e-07,1.0213361883e-07,7.33139163006e-09,1.66749508758e-07,2.20205369072e-09,0.999968679007,3.0867511313e-05,1.13771221207e-16
4.64917295862e-10,8.28150645092e-06,3.01684028027e-10,2.90392999078e-10,0.000790171196457,4.63235724645e-10,1.75594273459e-12,0.000114022412793,0.427652082146,0.571435441216
3.8996667487e-06,1.68078215762e-08,8.13451846661e-12,1.24212082729e-18,0.999951540253,6.20960278903e-14,3.4241517519e-09,4.43453077579e-05,1.94531891735e-07,7.90046807452e-17
0.999995037643,3.20519585905e-14,7.39868350434e-09,7.15547815829e-12,6.05358269393e-07,1.59724560803e-09,1.8528979357e-10,3.32678106644e-10,4.32923384098e-06,1.82440401417e-08
7.65605282261e-08,4.83797225954e-07,1.88202914566e-09,0.000129273921379,1.4757996227e-05,3.05359951141e-05,1.02358662542e-10,0.999819587491,5.28205483278e-06,1.99194494993e-10
1.36780177256e-09,9.11784634011e-09,0.987743247838,0.00998425620113,1.52492636948e-19,5.179471302e-09,1.59167583267e-07,7.03774162756e-11,0.00227162134504,6.99712355017e-07
2.06007662129e-11,0.000330570221138,2.10701524284e-13,0.0772153789423,2.12491930307e-13,0.000346086435614,3.87301957468e-10,7.63133327915e-12,0.922107962764,1.22099756256e-09
1.04229767311e-08,0.0170467180383,2.09870924724e-15,2.56854060568e-12,0.971179081629,9.25540488113e-15,1.24332282738e-10,0.0117413780752,3.28117076333e-05,1.52367149788e-15
0.000150648330795,5.28175443643e-07,2.74736356842e-17,1.45572681964e-13,0.999541814222,2.45812275533e-11,1.24992001821e-13,0.000155004318743,6.06598027562e-08,0.000151944268327
0.999873706522,9.04849062464e-11,0.000120037624917,1.60473426485e-09,6.73232068993e-11,1.35712659705e-08,5.72670038683e-06,1.74398546085e-10,2.3334292768e-07,2.80301208318e-07
4.77952036686e-10,4.88430237204e-12,2.7809217573e-06,0.0021028360187,1.1710434108e-08,1.19342343796e-10,1.12108699409e-12,0.997893779518,5.91228023098e-07,1.28094351936e-16
5.82827837894e-13,6.48181548532e-05,1.64142763134e-11,6.29037189343e-10,1.34818843589e-08,0.999935083609,1.34300174444e-09,3.75676298288e-09,7.36814449132e-08,5.32656420878e-09
2.99325124312e-12,1.26949784556e-07,1.67905142076e-10,6.21160213971e-15,0.231094436879,2.47636640947e-09,2.85299248443e-09,0.76890366694,1.76373054083e-06,9.35335117007e-15
4.6187513449e-07,7.49403371726e-06,0.000140689716477,8.59137540313e-10,2.95345502639e-08,4.66020931693e-11,9.94453899396e-10,0.00212759302075,0.997723729072,8.47272293426e-10
4.02202163399e-06,3.18275650127e-12,1.71364549383e-05,4.15796723203e-10,0.000166386624163,2.28809242853e-10,0.999736348418,2.27970823105e-07,7.58778622904e-05,2.58728595481e-21
6.44684618686e-08,1.71379801704e-10,8.23147390915e-07,0.971179917182,1.20679490265e-14,2.03931915925e-07,1.99560767111e-12,9.37064743681e-09,1.79346058079e-05,0.0288010471203
2.69773975728e-09,8.35462683057e-08,2.56951422516e-05,0.998049543296,7.62602755577e-15,5.47774330985e-05,1.50090078372e-12,1.40985380801e-08,0.00154066477106,0.000329219013176
0.999729210713,1.67462331475e-11,2.15976179897e-06,2.04156537352e-07,1.47916383117e-07,1.21334687828e-05,6.0032812794e-08,1.4775548562e-09,0.000256011935405,7.05210050323e-08
6.96063949766e-07,7.97366735121e-07,6.67693309245e-12,1.16178405213e-07,5.10651265429e-07,3.09831530663e-05,0.999006538195,5.054349837e-13,0.000960289012262,6.93716750461e-08
3.06957514082e-13,0.999855621131,9.72587744591e-05,1.32065298432e-09,9.87148155305e-06,2.26919034777e-06,5.01394124162e-06,2.4988648859e-11,2.99628493741e-05,1.28626576335e-09
3.38386602672e-11,5.98589815007e-05,2.92695619989e-08,4.47794183019e-07,0.00150156275885,1.31328066843e-08,0.967777463991,3.12579238487e-11,0.0306606239736,3.34257434994e-11
3.2885854355e-07,2.00436851445e-10,0.0560899129307,0.942428350745,4.86477255944e-15,0.00147634728134,1.44330594455e-12,3.73712968986e-10,4.417647328e-06,6.41961956569e-07
7.47549123395e-07,4.84991933917e-08,1.28901853455e-11,3.77728866789e-14,4.79086405679e-06,6.07805985747e-08,0.99999205938,1.98832333338e-15,2.29291417833e-06,5.94457621406e-18
2.57757678122e-09,0.000414785943377,0.00019980359374,0.99937264422,3.52163285112e-17,8.40690883742e-06,1.88357777865e-11,1.65841467676e-09,3.98210753339e-06,3.72971397415e-07
3.76003353921e-09,6.36987290602e-09,7.77130587957e-11,2.31929946293e-09,9.00767345298e-06,4.76857592102e-08,0.999981631688,6.32124997652e-13,9.30042478598e-06,9.55504772863e-16
1.51390222896e-08,8.11073554266e-05,6.22719130938e-09,7.64326768531e-12,1.37057498752e-06,4.65488417321e-08,0.999916051255,2.31317099697e-12,1.40288960455e-06,6.21575740404e-17
4.91684334254e-07,4.52979294352e-11,2.89785322706e-05,3.14278034859e-08,3.04849171287e-05,2.44152364004e-14,4.40385077825e-08,0.999930710575,9.25877988224e-06,7.90438346443e-18
0.000623154279192,2.21864550953e-08,2.08892070319e-05,2.31129843233e-13,0.0113830534118,2.85597210862e-06,0.986294237837,6.58058854121e-11,0.00167578704044,9.87049846539e-24
2.43316826969e-08,1.27039896428e-08,1.96304064979e-12,2.46866280612e-07,1.00512856276e-08,0.904087886114,9.42982404625e-05,2.31626329526e-12,0.00022326925898,0.0955942524295
1.74548307216e-05,0.00209173497092,4.06408674613e-14,6.80921667166e-09,0.017518950133,0.000896115129321,5.16016815128e-13,3.4610597674e-05,0.000673746385588,0.978767381143
6.62270778615e-13,0.00143042229947,0.998567761823,3.43861903854e-09,3.29115561294e-12,1.42862311378e-06,5.79152916446e-08,2.20505208796e-18,3.25712882692e-07,1.84084331199e-10
2.73554812856e-11,1.15531128987e-09,0.667702359888,0.33225513222,1.0306239113e-16,2.81473709057e-07,1.53186309969e-13,3.48166988217e-05,7.11507828601e-06,2.93457910833e-07
6.74112156938e-11,0.996911209244,7.70712889439e-07,9.79490683143e-12,7.74661932824e-07,1.30368458784e-09,1.98148687659e-08,3.52125043311e-06,0.00308369753773,5.39724819427e-09
1.74193090006e-06,3.28069938209e-12,2.98719052151e-09,8.8497928347e-06,1.04583951009e-09,4.31562226512e-07,1.25060942107e-10,3.80360247062e-10,9.37188588221e-06,0.999979600286
7.47472254262e-11,1.13609093139e-09,7.17386075202e-11,7.00988223319e-10,4.22336546947e-09,7.52046165342e-11,1.05909585526e-12,0.999300530802,5.37653556449e-06,0.000694086379188
6.02041162e-05,0.000250653563955,1.3272290582e-08,3.81072688701e-07,8.81622872647e-10,0.000593905227148,1.15192711093e-12,1.52461273441e-11,0.000111496933098,0.998983344917
1.48042822662e-05,2.08862634376e-09,4.42346875276e-11,1.91639700359e-09,0.000232531222792,3.91067823741e-06,0.997827943352,3.73160063261e-13,0.00192080641517,2.10713517454e-13
6.33336998578e-13,1.13205591616e-10,7.76285295895e-08,4.54302094953e-05,0.000986197268428,7.45875969063e-11,1.161839818e-11,0.998633658552,0.000334636141025,6.63731466082e-18
0.0266514616097,2.00363853137e-06,2.91280595369e-10,2.84251479024e-09,4.92745473661e-06,0.0049296658922,1.34956625048e-12,0.968410845685,1.98776878216e-08,1.07270739021e-06
1.41256352092e-11,0.00496330237253,0.000752413141259,0.979506968641,4.27249295632e-14,1.28971249134e-05,2.36833405429e-13,0.0147560033366,5.14736559518e-06,3.26800395124e-06
0.999655044905,5.29488718076e-09,4.47475180469e-07,3.29198791765e-13,0.000340912271694,4.81741595001e-07,1.02952293002e-06,4.08776887099e-09,1.12057558561e-06,9.54125313099e-07
1.30061604491e-12,0.00306416473783,2.87417806802e-07,1.68141753005e-06,2.18203234701e-09,4.08740855659e-14,2.0917896334e-05,1.72420309947e-08,0.996912897393,3.17119277366e-08
0.999997323411,8.07155637466e-12,1.31610700093e-07,4.12819409409e-09,8.08531058217e-08,1.52267166566e-08,1.12207078428e-08,2.64780915148e-09,3.73730445952e-07,2.05716284568e-06
2.44640182427e-13,1.17228423862e-10,3.68146323314e-08,0.999282715948,6.257082264e-15,3.17589951269e-05,6.88304953743e-08,1.66879440167e-11,0.000576836742639,0.000108582535052
3.34912611595e-08,0.242377283148,3.19373291399e-17,1.25792830413e-08,0.00343634922266,0.00505969700355,2.68824525239e-09,4.08293453407e-08,0.00128753253928,0.747839048498
8.88936369256e-08,0.000195590701766,2.91906974772e-12,8.00488274241e-13,1.2103117827e-08,0.0049198309823,0.994866012466,3.91145511382e-14,1.84537924642e-05,1.10571501331e-08
6.91806823604e-10,7.38983985519e-08,2.67271698601e-11,0.0594419935239,1.4073886554e-10,8.23690556868e-10,1.64636703458e-18,0.9390909007,6.95818776407e-08,0.00146696061317
1.42363647111e-09,9.71488164862e-09,6.64663363818e-15,8.03526820031e-05,1.04966890519e-10,0.999919283983,4.76237202351e-08,2.10102858073e-08,1.54927410575e-07,1.28530435199e-07
5.37096884376e-13,2.08901877432e-09,0.99992110004,4.83359082148e-05,1.44323204243e-15,2.59776454308e-13,3.99507021964e-15,2.61341477525e-05,4.42721219664e-06,6.01754332743e-10
1.05653039547e-11,0.298285865486,3.59779208784e-06,0.00887406252443,1.12398935486e-10,9.18909334523e-13,0.000320445150232,8.34103239028e-07,0.692515089506,1.0531358715e-07
8.05324279785e-09,9.23506165451e-06,1.58290741115e-08,2.46458713988e-07,1.38293211647e-12,0.0648326144494,2.01907480954e-12,8.62983914888e-11,0.173611452935,0.761546427124
5.77083706647e-10,0.0009731912672,1.75177235009e-10,1.01217874829e-13,2.31521177432e-05,0.000101708441681,0.987084866523,7.07536875866e-13,0.0118170808969,5.35746487339e-19
1.28556205876e-09,3.91553734595e-09,0.000117303867019,0.99737167524,2.48684253708e-14,5.66891043294e-07,1.43789977602e-17,0.00248603414396,2.21140031282e-05,2.30065330198e-06
2.66946154742e-10,0.00012100133144,4.8460358921e-08,1.99991089507e-09,1.1569961822e-10,4.64327376605e-15,4.64890929695e-09,2.16839439427e-11,0.999878857381,8.57735475556e-08
1.29649770815e-14,0.997141588729,4.26249816846e-07,5.54400500293e-09,3.83563724622e-06,2.07488648925e-07,9.29609347671e-08,5.10008230811e-07,0.00285296243121,3.70950586142e-07
9.58658684258e-10,1.71504383912e-06,0.000653979960291,0.999227325429,3.52182275757e-16,8.87485683493e-06,1.16025178129e-16,3.06460473134e-08,4.05593081751e-05,6.75137971496e-05
7.66949516281e-13,0.996493075628,0.000261008183281,0.00321558970201,8.40424914837e-13,2.43189025257e-08,6.12476089022e-07,4.09124655766e-17,2.9386539969e-05,3.03150543355e-07
4.19056203246e-09,2.46871535899e-07,3.32593372216e-11,0.0255650854265,1.26200716453e-07,1.46185859447e-07,7.49058514699e-13,9.93110710587e-08,0.263015868585,0.711418423194
1.20636775725e-10,5.41050377438e-05,6.34088016796e-10,3.0202571687e-08,0.998051364544,2.91003291649e-13,3.47286484301e-07,1.38492283171e-05,0.00188030294615,8.99615647642e-16
4.94688243249e-12,0.999700599308,1.88329507493e-07,2.64496675779e-11,1.87099678551e-09,2.08723508114e-13,2.3882441394e-12,2.87998577902e-05,0.000270410592457,7.75132764285e-12
6.53986316227e-11,0.999151096816,1.21237635084e-06,3.32183943621e-07,0.000516111299084,8.69817565123e-05,7.16381586086e-11,9.9106377589e-11,4.31939990664e-05,0.000201071333222
1.31765772694e-06,4.95974806885e-07,1.52824230847e-09,0.00606302976208,1.69637365842e-12,0.993890889413,7.34231991835e-07,5.20180533443e-13,3.38535764263e-05,9.67785302816e-06
1.17419079985e-12,0.000476682461646,5.65169186289e-17,8.30180004554e-07,0.998999352118,8.7931802385e-07,0.000108727002457,1.65939898532e-09,0.000413527258902,1.70756174519e-18
8.62568765185e-10,0.00130650787379,7.10100516073e-10,0.000995206986567,1.96811422602e-09,1.06643434262e-06,0.997634540132,1.26387504303e-06,5.24648668269e-05,8.94629029328e-06
2.63174470813e-06,0.000411624969008,2.04809867013e-14,1.02948567394e-17,0.999568299307,1.3783264633e-08,1.6216668592e-07,1.04027656511e-06,1.62277243718e-05,2.81740225938e-11
3.23301254403e-09,2.67129994244e-08,7.0236885817e-06,0.999912161126,3.22270925438e-11,6.49215388281e-08,6.0271695015e-17,8.34713213931e-06,7.23629482126e-05,1.02054833135e-08
0.000545454790231,7.72763839864e-10,2.61402392043e-09,0.000884885356567,0.000600450737,7.66916326844e-13,1.67842878745e-10,0.934103187464,0.0638659984488,1.96481353384e-08
0.343357197409,0.00257351585677,2.66788476875e-10,4.4200346344e-10,4.0947258679e-05,1.50231224589e-06,6.74533167786e-06,8.75193800868e-07,0.654019215922,7.12153060912e-12
0.999893933868,1.2181530405e-08,7.60579570225e-08,1.80228450317e-09,3.12119664244e-08,2.01799483841e-07,0.000105369948546,5.29487855055e-09,2.76322933552e-07,9.15119735875e-08
2.10748991748e-07,9.89308560259e-10,1.15784557425e-10,2.00875417873e-11,0.000967615142804,1.3618433807e-06,0.9989864456,2.27733478683e-14,4.43655391979e-05,6.25378125043e-22
1.94128489617e-10,0.00258641589221,0.9971254324,5.53109489511e-08,3.61287027447e-10,0.000275560003839,5.16252399247e-07,1.72584151469e-10,9.69693529753e-06,2.32247711952e-06
5.82966919399e-12,8.29861419083e-07,0.999995635988,1.84205704117e-07,1.00350853554e-16,2.81726704368e-07,2.92997428372e-09,1.86985076038e-10,1.41970738881e-06,1.64538760346e-06
8.12329957079e-06,0.0664882054632,1.91780109878e-14,1.52497795405e-10,0.886423356921,4.17702012092e-09,5.30359240421e-07,0.035256695756,0.0118230838709,1.4254209756e-13
0.97506820306,4.00142466071e-14,1.2439555099e-05,3.15687266119e-07,1.03206517229e-06,4.54446823125e-08,0.0249171366193,6.86105818949e-13,8.13286915621e-07,1.42809678444e-08
9.9947929587e-06,1.29587392239e-07,3.17520873555e-11,5.71287803707e-17,0.99990337604,3.88373078889e-13,2.98797126398e-10,8.60816282414e-05,4.17620835321e-07,5.7780085322e-18
1.79214612743e-07,5.97699761986e-12,5.03924161114e-05,5.92015803717e-10,5.96528163182e-07,0.999840144777,1.60560789658e-06,0.000100755688569,6.19915140657e-06,1.26018445643e-07
0.000124582657438,5.58011949341e-07,5.69668728056e-07,0.00336515557093,4.12702791769e-11,1.6553249957e-06,1.19957363924e-13,4.7611164827e-11,0.000137636424003,0.996369842253
1.34794681316e-06,2.48680376938e-05,2.1001842343e-07,5.62007227525e-10,0.000105334519558,7.10303007105e-06,0.99538556092,1.48718492299e-13,0.00447557496546,1.83079106167e-15
6.65818789823e-09,0.000318509406549,2.39444900835e-18,8.1969678804e-10,8.79773376521e-05,0.00106256759747,7.55644053198e-10,0.000550211403403,0.00101383244842,0.996966893573
1.09816136604e-14,0.9983030092,0.000748840727912,1.18181129106e-08,2.58789151075e-07,2.16578968453e-06,1.98033776761e-07,7.44772267989e-10,0.000945095849019,4.19047477238e-07
6.14850519741e-12,2.23200130369e-12,5.48302225125e-09,0.999934103248,3.37099373117e-16,4.68354152397e-07,1.09716198004e-12,6.3592426945e-09,4.39614421123e-07,6.49769313341e-05
5.23757838558e-10,1.89999487914e-08,0.00123712843834,0.99582079532,1.05009489419e-19,0.00293975603174,3.58386636839e-14,9.33085831897e-10,9.84159569569e-08,2.20133737614e-06
0.999965239356,1.52693125949e-06,1.27614586518e-10,5.72091028815e-17,2.81106341149e-05,3.54165090037e-10,5.10096361753e-10,5.83696232421e-08,5.0633286503e-06,3.88135851978e-10
1.11237822754e-09,4.5952406089e-08,9.80530094356e-13,1.09120261674e-10,1.21863584215e-08,0.998291915427,4.6035374054e-05,0.00165822417456,3.73019058709e-06,3.5472954023e-08
4.20940529421e-07,0.89710488081,1.32552964059e-07,0.00186379497392,9.07958436975e-08,1.4047539187e-07,1.2241287321e-11,5.22743002916e-10,0.0943820725293,0.00664846638715
9.05527938478e-08,0.541526485555,1.53630658473e-05,1.11018604475e-13,1.12154140617e-07,1.57330475654e-06,0.457827118898,1.0125184589e-14,0.000629256467259,1.78189814953e-12
1.67761301489e-07,1.16154596595e-06,4.58917223838e-08,3.65830008435e-11,1.82936307777e-08,2.28145492821e-11,0.999974466524,9.89265073417e-14,2.41399121944e-05,1.1559045529e-11
1.7364340428e-10,1.15940773019e-05,0.00282185697401,0.980150606358,9.08722742331e-12,0.0169350532129,1.38604177869e-08,3.03305206638e-09,1.8500110598e-05,6.23721909748e-05
2.18366435193e-11,2.88375932723e-05,3.44302102613e-11,0.00241265676167,2.97483344995e-14,0.986530004501,7.00799750738e-12,8.71125301394e-10,1.14562402959e-05,0.0110170439697
7.2134527005e-07,0.161586698978,7.90683154443e-05,4.70879744657e-10,2.27211396729e-05,0.71085678202,6.93243869865e-10,6.90672684957e-06,0.00732909837884,0.120118001932
0.999460676376,5.76189792252e-08,1.62125313236e-07,2.17281181985e-07,3.63258243013e-08,4.53783861311e-05,2.53480454996e-07,9.27404430875e-06,0.000483741811979,2.02550002397e-07
0.999909126309,1.70948780754e-13,8.93349815067e-05,2.12435618826e-12,1.48629096421e-06,2.62519566024e-08,1.16843350431e-09,1.98548368124e-10,1.97838276358e-08,5.01384820134e-09
3.55300184908e-08,4.31185326299e-06,3.75184564999e-16,0.000185545750137,2.52549059462e-07,0.943452611903,0.0374732493737,1.70328743321e-11,0.0163696160218,0.00251437700162
1.57943757018e-10,2.57469187365e-10,3.23535766896e-07,6.68616804078e-06,1.00536336228e-07,4.22071341341e-06,5.13911158467e-09,6.36271285359e-05,0.999918512448,6.52391500849e-06
2.3146855198e-09,2.29423255157e-10,5.54354663356e-07,3.24940018364e-09,3.75105033532e-07,4.77393079477e-08,8.00063445476e-10,0.999998992914,2.32938560149e-08,9.57725996923e-16
1.05074736587e-07,3.89546722343e-08,1.47413672773e-13,0.000405393721968,5.36564560858e-13,0.999548068233,2.41603539973e-06,1.643212961e-12,4.36745382308e-08,4.39343036517e-05
2.54381053831e-07,7.75835364282e-12,5.99175456043e-06,2.59535226502e-12,1.62427085938e-09,0.992453140186,2.32124521526e-05,0.00750765011596,4.47636600212e-06,5.27310943219e-06
0.00106744010039,2.99270667895e-09,1.72057057406e-11,0.00298356263441,4.0719865375e-11,4.70521804222e-06,4.41241648201e-11,7.6004896325e-13,0.0157404886221,0.98020380033
1.68198462942e-05,2.09971464063e-09,1.579223362e-11,9.48751185771e-18,0.999982086527,5.764218488e-19,2.73647303891e-10,1.73174777171e-08,1.07391979264e-06,1.20382178631e-18
8.82912336306e-11,2.35794819527e-12,0.516540833131,0.483439227227,1.08123325005e-15,2.06314053838e-06,4.25625067216e-09,6.32790025407e-11,1.78720916244e-05,1.25077070807e-13
1.22598461464e-13,4.80607261569e-05,0.999742743655,2.53150575051e-07,1.68811349529e-11,0.000207847026221,4.61117670503e-07,3.97899220788e-15,6.3338379979e-07,9.23788029115e-10
3.5915999955e-10,0.00078173345559,2.42862546696e-06,4.24946553975e-05,1.42176870476e-05,6.48143695954e-09,6.06509767796e-13,0.999146535438,6.02137196261e-07,1.19811598535e-05
1.1479976928e-08,2.65990857864e-06,0.999994300623,2.21161830344e-06,3.93328662114e-17,1.56585731816e-11,3.47722409667e-16,4.06124509608e-07,1.724963715e-07,2.37733813872e-07
3.72972399588e-09,4.99212014193e-07,6.10621413567e-14,4.63277307482e-18,0.996918618193,0.000363383543665,0.00271201309272,2.16852021006e-06,3.31370865998e-06,4.14098027084e-27
3.01399699593e-06,0.265137899869,2.30533692906e-17,1.94151454672e-07,1.08906601773e-05,1.77607112211e-05,5.93107894517e-12,3.37510565118e-05,0.00329842611999,0.731498063429
0.995137487779,3.31893067577e-10,0.000148676208312,3.58843021877e-07,1.76074563698e-06,2.84940721079e-05,1.00781984814e-10,0.00428141916697,0.000401802049294,7.03003234849e-10
1.29941877836e-07,8.42516708175e-07,1.25128097261e-09,0.0619919943305,7.36109392163e-10,8.00577889734e-11,7.01575855225e-09,3.57073948638e-05,0.518881188737,0.419090127996
4.61479739565e-18,5.28653713295e-06,0.99999069383,1.54488136672e-08,5.26286144389e-13,3.9967740259e-06,4.69626206951e-17,1.42920571078e-12,7.40765758537e-09,5.0766372041e-13
1.45987559798e-10,1.24983477662e-08,8.17147533715e-12,2.89498505859e-07,5.968543045e-07,2.56008605626e-11,4.35947571261e-12,0.999975595505,1.55247711101e-05,7.98068860312e-06
0.00341728912694,1.1141635629e-08,4.81266841663e-10,1.27418549325e-10,0.990411764204,2.91300798775e-05,0.00614163426811,1.77336689358e-08,1.52836820784e-07,4.51164744818e-27
7.25586101307e-08,1.59185060122e-09,0.999170768027,2.70769687365e-05,1.96397135173e-15,4.26865268693e-10,3.77868660931e-11,6.36678796622e-07,0.000801443557947,1.52753913104e-10
1.71117057887e-05,6.84354330809e-12,9.64982655203e-08,1.21208874631e-06,1.01447689228e-09,6.36380414981e-05,2.12973345943e-11,3.51612784501e-11,7.53465890725e-05,0.999842593999
5.15381844947e-11,0.136205811451,0.00024067367801,2.99719966915e-10,1.92831140587e-07,2.65381596946e-08,2.57452678582e-09,1.32131882824e-06,0.863551509951,4.61305301626e-07
0.895063087386,1.87961787393e-11,0.00265616120589,2.17491959172e-07,2.62251114838e-08,8.28490240434e-09,0.102279463292,7.20658922237e-08,3.14562954549e-08,9.32572762865e-07
1.40547446349e-06,0.9448179608,1.11108941182e-06,0.000378771861059,7.72321525346e-07,7.05992607108e-08,1.38280519731e-11,1.27756075125e-10,0.0547453363413,5.45713710819e-05
4.71571059751e-05,4.76927515439e-07,9.79308314294e-09,0.0170262407144,8.38888406849e-11,0.00010799263726,2.63700105746e-07,1.62312333011e-06,0.000247151004577,0.98256908491
0.00137293333491,6.52409889741e-11,0.000762940951042,0.997861562394,1.62503209124e-12,5.03239985573e-10,1.22841003722e-08,2.28315971329e-06,2.65728634875e-07,1.5774627328e-09
7.83039685158e-06,2.32924341005e-11,4.55257955322e-07,3.53669642069e-07,4.20986304404e-07,2.54095121121e-07,0.999769589846,1.23318780517e-06,0.000219862537139,3.18891976769e-19
0.989830134114,2.1440022789e-10,8.44730520252e-07,1.06730665576e-07,1.63281949348e-06,4.0096027206e-07,2.25530227695e-10,1.39567362467e-05,0.0101298960919,2.30273774623e-05
