c0_v1_stage2_pred,c1_v1_stage2_pred,c2_v1_stage2_pred,c3_v1_stage2_pred,c4_v1_stage2_pred,c5_v1_stage2_pred,c6_v1_stage2_pred,c7_v1_stage2_pred,c8_v1_stage2_pred,c9_v1_stage2_pred
2.53987306759e-12,0.998172700949,3.61462560061e-07,1.9991556956e-08,5.65851781154e-09,1.23961545231e-15,7.82509821619e-10,1.23829776761e-05,0.00181452698448,1.19068288901e-09
1.16706153426e-12,4.27855979506e-05,4.8322163989e-07,0.968386502259,2.39039891987e-14,9.70918463461e-06,1.99496192352e-16,2.85790497329e-13,0.000443442283532,0.0311170774517
1.35073652716e-09,2.31061960374e-06,1.17251370938e-05,3.90953305661e-11,7.92062624933e-08,0.999861910378,1.38651231241e-10,6.56792079234e-05,5.59513583718e-05,2.34256427193e-06
6.87495311789e-05,4.09081662202e-05,1.83192441085e-08,3.49404751746e-08,2.40845219831e-08,0.0154544408041,2.27212096388e-11,0.983960142811,0.000184358357299,0.000291322963353
0.00219208761145,9.54175937584e-07,2.2455250281e-06,5.49926590124e-05,3.39762165182e-12,0.000160770446927,6.62520182695e-14,1.2479885577e-11,3.41480338496e-05,0.997554801532
3.96616600466e-08,4.31272335979e-06,9.04038430387e-09,7.38233258213e-06,1.37718343695e-08,1.88950413602e-07,1.39874728045e-15,0.999937349221,4.23377514253e-07,5.02809216341e-05
6.7040243071e-09,1.07265600264e-10,9.04552451117e-05,0.999816730576,9.94619020679e-20,3.15621544307e-08,5.74388706825e-14,1.43514835689e-08,6.66528786984e-09,9.27547887066e-05
1.00598258844e-05,0.0711634591041,2.94112119908e-14,8.1257407177e-11,0.875702564905,1.20786572898e-09,9.01300505423e-06,0.0528569072853,0.000257994585325,5.24717301579e-13
2.58931415913e-08,5.2660320422e-05,4.7713683644e-09,9.90170111776e-06,5.3103818841e-09,3.99148053044e-07,5.57170545318e-15,5.89704498652e-09,4.75633090448e-05,0.999889433649
2.07182852727e-13,3.19006059157e-08,2.75493532862e-05,0.99979774142,7.28681880182e-17,0.000135278244083,8.67814167061e-19,1.47414972433e-08,2.87833280732e-07,3.90965072132e-05
0.999849646119,1.31402158999e-08,2.35929937485e-05,5.52024051845e-10,2.23941364507e-07,4.82441215341e-08,1.80948629292e-07,9.22402926109e-05,7.35786438733e-06,2.66959040466e-05
7.52651349429e-05,1.09928687543e-09,1.0833197542e-09,4.9049441949e-08,2.56247371931e-10,4.04435388511e-05,0.997620708519,6.55758691994e-08,0.00226312542,3.40323005151e-07
4.51785768942e-07,0.0084433659973,1.82208174304e-11,3.51360932842e-21,0.991486327489,3.36929095917e-11,3.15048700346e-06,5.49368145215e-05,1.17665975937e-05,7.76643697034e-10
1.79790302977e-15,0.0120910961979,1.75813250092e-15,1.29442395275e-05,2.71322553911e-08,0.987560170777,2.29600923371e-14,1.31171077015e-11,2.4794627739e-09,0.000335759160337
2.91100694346e-10,9.04605200799e-09,1.67500015433e-08,0.000205948018687,6.76850311627e-13,1.64517860167e-11,0.000158649271464,1.0785793003e-09,0.999633915216,1.46031071732e-06
1.89244677512e-09,2.60615929775e-05,4.77343824529e-07,4.20125590742e-06,1.46284453877e-11,4.02025661638e-09,6.21235557236e-07,3.07717515184e-10,0.999967577423,1.05491416551e-06
0.999997245798,1.66464828547e-12,1.06644380905e-12,5.76648353725e-10,1.28342999931e-07,1.27624294066e-07,4.55145580275e-08,3.92012279308e-08,2.41246784828e-06,4.72028915591e-10
5.22748779689e-11,0.800217787069,5.89091197896e-10,1.27202554618e-12,1.80494055099e-06,1.03384254967e-11,2.66037470723e-05,3.65285007228e-08,0.199753767061,7.27104683921e-13
1.12403831807e-07,5.97439132906e-05,1.77069752293e-13,1.05011684719e-12,9.86896370818e-06,0.000464043076826,2.85829591879e-10,1.38501443855e-10,0.00029250169949,0.999173729517
9.83176963987e-11,0.00114654949002,0.997939146404,9.28552879035e-09,5.90226361225e-10,0.000820303831028,6.56027788998e-11,7.73872776712e-10,8.76465837031e-05,6.34287743934e-06
5.10202392848e-09,1.64145416396e-05,2.15515948168e-13,2.72714163638e-06,1.13718018249e-06,0.99988031344,1.20286689791e-08,4.52214948968e-08,9.26160911398e-05,6.7292526924e-06
4.8683808337e-08,7.84797349152e-08,2.43557280681e-06,1.78192114656e-10,2.37386836515e-08,0.995627190996,2.90163341116e-07,0.00359541425378,2.04925049896e-05,0.000754025428234
1.59589818913e-11,3.92406616181e-07,0.00144778711995,8.87276076265e-13,1.34379674432e-05,2.24380785069e-11,3.76837622454e-13,0.998417852445,7.07966091283e-05,4.97334117115e-05
3.13100242199e-08,1.12774273064e-06,0.000118877572898,0.998632499589,8.85954699274e-13,0.000102242702607,7.82495221087e-15,9.5641704722e-11,1.74359323337e-08,0.00114520355002
3.62047183871e-06,9.38430404314e-08,0.000692357060872,0.00106599872575,3.01758903127e-13,2.73166824635e-05,7.74467206097e-17,2.85774419606e-10,1.62330653606e-07,0.998210450599
6.02447973626e-11,1.18165985463e-06,2.11663883444e-09,2.19249383661e-16,0.000756104872758,6.74669663822e-10,1.37882522217e-14,0.999242594558,1.15771832971e-07,2.85695920204e-10
1.59961176773e-11,9.61454442472e-08,2.43622152097e-06,0.000809353436536,5.16201784282e-10,1.41436845494e-09,5.33673563025e-08,6.68197274346e-09,0.997464583763,0.00172346843789
4.40164496866e-14,8.9174430858e-06,1.44872391519e-17,9.10067235488e-07,2.53480154972e-09,0.999989832292,2.52969781762e-10,3.70287327676e-11,1.51187224445e-08,3.22254560388e-07
1.67825074655e-15,0.99955825677,1.71684078537e-07,3.97996740923e-08,4.244445643e-08,0.000393366388707,1.62233173494e-06,4.51353415835e-22,4.64485998398e-05,5.19817817764e-08
7.63993371813e-10,1.71524998431e-05,4.15147498335e-05,0.999647414089,3.3138939963e-12,0.000291442644365,1.53968850988e-16,1.4341459314e-06,9.45134557274e-07,9.5969500476e-08
2.23885119437e-05,4.55378826251e-09,2.50384170001e-15,3.56281438402e-15,0.999946040985,2.53739270433e-09,6.66114951695e-08,5.2766178622e-06,2.62200823401e-05,9.98608296822e-11
0.00308368535279,4.63751523249e-07,1.8195768504e-09,6.09209776891e-07,1.75572453839e-09,1.39469324615e-05,5.54048684516e-12,0.000115394000511,0.000702900618864,0.996082996553
3.33683888177e-10,6.51580728257e-09,0.995675605187,0.000608999575039,5.5810860736e-13,4.30785224984e-11,5.68125804904e-14,3.63145980526e-10,0.00371537495613,1.30252368899e-08
3.11405188146e-10,9.30718653378e-06,7.07268391359e-05,8.27846021497e-05,1.10243980208e-09,2.38252679994e-11,1.2572498973e-12,2.13225905072e-05,0.991715348512,0.0081005088303
0.000228896288526,6.53577097331e-08,1.98257737515e-10,2.61287684859e-09,5.45415431253e-05,1.25083888799e-05,0.99955090545,1.90987253919e-09,0.000153077975638,2.75592216449e-10
2.82659081368e-07,3.68781433243e-07,1.06856960446e-15,4.1236848706e-11,0.987651991538,6.36940164618e-05,0.0122435661119,2.82778201088e-07,3.98140736211e-05,9.64974795264e-20
2.46782900808e-08,2.21945981011e-07,3.66898800413e-08,0.000101153127181,1.33303114547e-06,4.89052978889e-08,3.492887713e-13,0.99989640394,7.77670631315e-07,1.16985902744e-11
3.98429488954e-09,3.94191144243e-07,1.67660682702e-06,0.976557144032,1.17012701981e-16,0.0216087386865,4.44903996685e-16,7.38507746545e-08,6.03504353746e-09,0.00183196261302
2.23631782295e-08,2.89617764367e-09,5.84208391892e-13,4.8999642475e-08,1.81914840585e-06,3.08156833224e-13,5.21478160168e-10,0.999992477855,5.62814233933e-06,7.32665458524e-11
2.05739568691e-07,0.0122086667889,0.98312044692,4.41421952943e-15,7.10569068362e-12,3.86463518948e-06,3.64140831816e-05,7.28621531044e-19,0.00463005073273,3.51093446918e-07
5.28656240931e-15,0.966603289387,1.09222250281e-10,0.00110900222696,1.75148330543e-05,2.33001437344e-08,3.93340413601e-10,7.68239947785e-14,0.0321124017215,0.000157768029142
2.88844037319e-09,0.00110339807547,1.46701664699e-09,5.9574482382e-08,1.1878227704e-05,2.45045570218e-10,0.998110740396,3.62051682628e-14,0.000773919125992,1.92789706077e-19
0.176956130388,2.12290545346e-05,0.000100382367073,0.0366290825506,2.49188782374e-11,1.48448840237e-09,1.34610213677e-19,7.68224447112e-06,9.59189107967e-07,0.786284532697
1.30892270369e-09,1.41195172916e-08,1.58260768031e-05,0.992978415774,7.67151208659e-15,2.86992122377e-07,9.52642652461e-18,0.00697568859376,1.93628308547e-05,1.04043036705e-05
3.27059145349e-13,0.998530472955,2.39037060871e-05,3.18454909446e-14,6.10088164061e-08,1.13669437562e-05,0.000880160217496,6.01744844615e-21,0.000554035090714,7.78534315973e-11
3.42702193663e-12,0.994526312035,1.60717790719e-09,4.91974970215e-14,1.12907477229e-06,7.71932009313e-05,6.49828836938e-06,1.70017774424e-11,0.00538886575708,1.61949735275e-11
5.74832717003e-15,0.999780314543,2.08870886548e-08,2.03369733163e-12,7.75218596628e-10,7.2641744613e-09,6.18107545444e-08,2.22327095763e-15,0.00021959470912,8.13170910193e-12
0.01374968729,0.0155082036073,0.000120077332048,7.37319626803e-11,1.21859119522e-07,6.3414662265e-07,1.20195703042e-06,0.000531597127425,0.970087268529,1.20807771061e-06
6.1672347433e-10,0.98542511147,8.36723992883e-11,1.97052923447e-14,4.54679659617e-06,0.00507947231625,0.000985038018315,7.45687061018e-05,0.00843126197532,1.68258601529e-11
4.01599041272e-06,3.41062257802e-06,1.44893752994e-10,1.55214607937e-10,0.0148049012219,0.978990166988,5.33530112631e-05,4.20060799796e-09,0.00610964138534,3.45062800759e-05
5.88621298264e-13,5.15599838216e-07,2.43596705386e-05,0.00011919265995,3.93404499705e-08,0.000403701903232,7.93827970119e-06,3.56776338666e-11,0.999444157256,9.5254317815e-08
9.40701173137e-09,1.77391660512e-08,0.000205173054692,0.999793102955,1.55603043355e-15,4.24204638991e-07,1.2341014178e-18,6.51561993453e-07,3.02608083477e-07,3.18469357251e-07
9.46574838468e-06,4.89075906995e-08,3.1914113486e-10,0.0250048591915,3.61109514359e-11,1.32093627719e-08,0.00017162115215,2.74893560276e-10,0.97351436387,0.00129962729132
1.51531034179e-07,0.997319796422,1.10756647729e-07,0.00101407176328,6.59868896984e-09,5.4446795116e-09,2.61372382667e-14,3.34586759172e-12,0.000155909600375,0.00150994788009
1.67448197818e-05,3.4796357296e-10,1.09938244417e-07,0.000123242765492,4.40489334638e-09,0.998364751569,1.31737637781e-07,2.91871553187e-09,0.00149386646812,1.14502983333e-06
0.996970174593,1.98503930429e-07,1.24826634752e-07,3.99165179723e-08,4.50276459857e-10,0.00290547037863,4.85192624415e-08,3.2574195792e-08,0.000100774160053,2.31360773303e-05
2.97200003528e-11,2.6846310776e-09,1.79361843217e-06,0.999979034157,1.15926255959e-15,1.2985910738e-05,1.49121840292e-15,5.10363941272e-10,1.43007874492e-06,4.75300999272e-06
1.23451598206e-12,0.000151632485737,1.06338585161e-18,2.94698490082e-12,0.998839041657,9.16829155342e-10,4.16574306825e-09,0.00100930263563,1.8135284668e-08,2.67030019319e-17
0.990465337076,1.669752602e-09,2.28729175746e-05,4.14040721964e-09,5.09197306148e-10,1.04444010466e-09,1.38927864122e-09,3.17290575153e-08,0.00810556660404,0.00140618292042
3.61541686363e-09,2.86103433827e-10,9.65859540683e-08,0.000513886937614,6.84462166113e-14,8.24599091954e-07,1.09527202411e-14,5.24028981188e-09,3.66813140417e-06,0.999481514604
4.08741421199e-10,0.0128618220076,4.95396056738e-09,3.8748093908e-10,0.000413809625681,2.17294408548e-09,0.986573886276,1.72324621996e-12,0.000150474152728,1.27254928813e-11
5.21119356642e-05,0.00941355020347,4.66095859577e-09,0.000217736786657,1.76920928431e-11,0.00838054379243,0.00245063850229,8.58791634737e-11,0.979378968697,0.000106445317838
5.45327599953e-11,1.03775614621e-08,4.80580908059e-06,4.68431864774e-14,1.71883111343e-08,1.07702163211e-07,6.93987907711e-16,0.995976858453,5.99128318623e-07,0.00401760128702
2.36947881993e-08,6.42602427819e-07,2.97808049616e-15,0.000571956060843,1.08646340501e-10,0.996624786563,1.91704561479e-06,5.27764750523e-13,0.000530148273641,0.00227052565005
0.999998905254,3.10445303398e-10,6.4335720413e-11,8.66268253185e-10,5.61772848413e-08,5.4712470216e-07,6.63800813459e-10,1.62227279632e-09,3.07500792358e-07,1.80416477433e-07
0.000199677091902,6.67379934715e-07,1.0969630221e-07,2.32967468175e-06,6.52906655028e-06,0.000733584383557,3.08504168155e-15,0.000375490111529,0.0450363994327,0.953645213163
1.7600910583e-11,1.55859697813e-07,1.09170914357e-11,1.02325453907e-15,0.00969484350419,2.13139787511e-10,3.39979875907e-17,0.989972282057,1.26955634502e-06,0.000331448781528
3.663320564e-11,9.1983685483e-07,1.3878333086e-06,6.1610817922e-05,2.98750737197e-08,5.61602692431e-06,1.04279900888e-09,0.999914535392,1.57733090259e-05,1.2582909916e-07
3.08449316498e-09,1.54244583998e-06,1.03807540882e-11,4.48095835834e-10,3.92475742185e-09,2.55595655556e-10,0.999998331608,5.50061193851e-11,1.1789620052e-07,2.71705814374e-10
1.21948190829e-13,0.99509428263,3.27466888523e-07,1.13397912329e-08,2.94171728542e-08,6.47330552884e-07,9.20093884278e-09,9.68312035326e-09,0.00490468163934,1.29189095384e-09
4.5567184412e-08,9.81042744006e-08,7.68785022352e-14,1.03327326006e-07,2.49628562315e-06,4.20336124779e-11,1.99652329863e-13,0.99818304583,0.000560877274963,0.00125333356836
3.78274048811e-12,2.56469988802e-06,9.87381068728e-18,9.08013723439e-07,2.2804661102e-08,0.999995708411,2.50392861863e-09,4.77877403005e-08,6.55404173644e-08,6.80234726919e-07
4.70208769712e-10,2.11150490521e-07,0.000215997315472,0.64277538914,1.10896697006e-10,2.83399394802e-10,6.1769617144e-07,2.37452524634e-09,0.353036368163,0.00397141329616
3.46404930632e-11,5.9205720164e-05,2.9777047659e-09,2.25129673148e-11,0.0412135042614,0.951568177972,3.82061249913e-08,1.94144971584e-13,0.00712616733769,3.29034677431e-05
8.68148116214e-09,2.226871712e-07,2.92282234164e-11,3.15028508313e-07,0.015058478996,2.45749270701e-07,1.2649833911e-11,0.984939150812,1.57526938543e-06,2.73470823018e-09
0.000118145537105,3.99672211132e-05,8.03184766219e-05,6.66229965385e-06,3.16676439008e-14,3.75192871953e-06,3.05350728561e-18,1.47989968343e-09,3.27568947603e-07,0.999750825488
1.90074538287e-12,5.56453789151e-08,3.1790955652e-07,0.969366473298,2.11756352519e-14,9.0851638549e-05,4.15579078946e-15,2.98423682919e-09,0.000111310417599,0.0304309881052
3.18518358328e-08,9.90523057185e-09,5.94350124511e-09,1.54310203872e-10,9.65473611757e-08,4.16975611516e-12,1.08383425062e-15,0.999828508429,0.000110145004809,6.12021595317e-05
1.92978258287e-09,1.05825882423e-07,1.87266496271e-05,0.998813426543,7.93989587904e-12,5.16910803889e-10,1.20331983756e-10,2.79254937363e-10,0.000640160739706,0.000527577387987
1.07635836971e-09,1.11129295505e-07,4.39507382817e-05,0.855046242055,1.98197948503e-09,2.62450951931e-08,6.53179958888e-07,2.5880604821e-13,0.11457699255,0.0303320210441
8.06800636345e-05,3.79625261399e-06,4.45306180273e-15,1.79294126569e-17,0.999910066516,3.77643530303e-16,1.11450771069e-10,1.0853025596e-06,4.371753022e-06,4.43650909259e-13
1.63060889168e-10,0.04211578261,8.21786325521e-12,1.80847448608e-05,5.15472729262e-11,0.7599457233,4.19274062237e-10,5.17169420469e-12,2.48851849726e-06,0.197917920179
2.56580550555e-05,3.57281640587e-07,7.40848536822e-07,4.87784879213e-05,1.86170166358e-11,1.43359514483e-08,6.94705612654e-14,2.36309551403e-10,0.000230038703961,0.999694412032
1.46327520752e-11,0.0579662635375,9.2006474079e-08,4.17161352323e-14,0.0203279720626,4.08038584341e-13,7.27113014526e-17,0.918707478105,0.000247763200945,0.00275043107257
0.00016703816711,1.17791389663e-08,0.998824969058,3.90252944421e-07,1.61536400182e-13,1.43609824782e-12,1.6236462936e-18,6.2930129758e-11,3.72095854091e-07,0.00100721858225
1.87213991905e-06,5.63009715151e-07,6.27403093718e-19,2.78821912494e-08,1.26455577061e-06,0.99998491131,8.49383064709e-06,9.8017036643e-10,1.57298023471e-06,1.29331170193e-06
6.55422462862e-11,2.67532686372e-06,6.42078802387e-08,1.39049046915e-12,2.50560363615e-05,1.10068792568e-09,1.65688006377e-16,0.98323125815,0.00118216813003,0.0155587769815
7.95163851353e-06,4.22252207721e-06,8.60514117155e-07,0.000302056583678,2.15102073297e-12,0.000528387238875,7.36064501977e-11,2.04615642921e-07,1.11208153493e-05,0.999145195996
1.01207973893e-09,0.000519237092584,8.628829207e-09,3.62992562665e-06,1.25480055716e-10,4.64469082769e-10,1.74331313089e-09,1.18478561544e-05,0.999455229629,1.00435224566e-05
1.30524994232e-06,7.29046880992e-08,3.72560648736e-08,2.37957721895e-05,1.24055615218e-12,1.03885462228e-10,2.22723334561e-11,1.04737039244e-07,9.52503862567e-05,0.999879433566
2.87449978408e-10,3.91202860287e-06,9.67572103836e-11,4.54261102288e-15,6.13651888384e-06,3.86553960861e-09,1.13322480144e-16,0.999975191402,4.69114177303e-06,1.00646588296e-05
2.4107203064e-10,1.65017991311e-07,0.999998559678,2.45322211219e-07,1.01046992891e-12,8.03902028187e-13,6.03687725923e-16,1.5131068362e-10,9.81958620418e-07,4.76285915648e-08
0.000105106677312,2.58669806576e-09,3.77980441077e-10,3.74096633737e-16,0.999859944949,5.32517453751e-15,1.02485549332e-09,7.89393596983e-10,3.4943595049e-05,5.93780475832e-15
3.27426684736e-10,9.28491178813e-08,9.26717855688e-19,5.14698460201e-10,0.992803516746,1.29938167754e-11,4.13983986988e-10,1.42334115131e-07,9.37476856251e-05,0.00710249911624
6.94098064391e-13,0.994907617959,7.54756625441e-05,2.34948268378e-05,3.64965740847e-06,7.85181453906e-08,9.22224467393e-08,1.19435462384e-05,0.00497725919261,3.88413926105e-07
0.989587429377,1.01898924867e-06,2.18424249198e-07,6.37349818636e-09,1.96605278225e-10,4.17824271657e-11,0.0104036992456,5.66828861128e-12,2.60571683285e-06,5.0216299143e-06
1.37571150702e-06,7.41841351191e-08,1.78351031762e-06,3.86669667051e-08,1.62241174149e-06,4.35512167129e-14,3.44623415272e-11,0.999975105179,2.00002794098e-05,2.20637344186e-11
8.41978202028e-06,3.80196541234e-08,2.70164760663e-10,1.72218551202e-16,0.999434811211,7.13692399487e-11,4.45004627424e-08,0.000554269682275,2.4164632182e-06,1.74565792928e-14
9.57099117269e-07,5.69409679869e-10,1.57216497413e-07,8.51819966953e-08,5.53261246139e-11,2.29597736728e-09,1.95352029782e-11,2.28271352859e-08,9.8621353374e-06,0.9999889126
7.249643501e-13,0.96555534897,2.27617671049e-14,0.000201242395443,0.000107992220218,6.83470820815e-11,3.69583725672e-11,1.18322968811e-07,0.0341348038344,4.94151393273e-07
2.59920201094e-10,5.79626237672e-06,4.84952396311e-06,1.26872296978e-06,1.82028904582e-12,0.997922726662,2.44602170146e-09,0.000383853516528,0.00101174467239,0.000669757931776
8.40399786551e-11,9.868598776e-08,0.999999641775,1.63672054983e-11,3.08786861703e-11,4.41027564554e-12,2.59964225528e-17,2.11123631039e-11,1.60072620518e-07,9.93098996528e-08
2.13916925134e-07,0.0014128536673,9.31844287226e-09,0.000211871303046,6.25884167678e-09,0.96342074614,1.29277880454e-06,3.18163212846e-05,0.0339534572328,0.000967733062273
5.43421652114e-08,4.56342035109e-06,3.63527021647e-17,0.000153907035987,7.37216867693e-08,0.996749911416,0.000977628305881,4.52088956699e-10,0.000575849299063,0.00153801200655
3.64996498598e-09,5.12256078934e-08,2.49036037001e-09,0.000857427562683,1.41677867271e-10,2.68029535493e-08,0.00016236381606,9.26414799614e-09,0.99889180844,8.83066064649e-05
1.44809886877e-06,0.00195169804211,1.11334135953e-15,3.32509808734e-11,0.997585948309,3.79656970543e-06,0.000435405694655,1.80828575962e-05,3.62039500779e-06,7.79744926017e-15
2.45361134918e-09,0.000145548018741,0.000313642475046,3.31635852671e-13,9.28625351876e-05,5.85379795252e-13,5.28878235984e-17,0.977604382478,0.00487107334779,0.0169724886908
4.34076945457e-05,6.74687766413e-07,0.546799300798,2.8529817677e-07,1.76502348178e-11,5.09781047965e-09,3.22030303671e-16,4.78055715908e-12,1.55842828346e-06,0.453154767973
0.79145690486,6.10688937349e-11,0.208339159926,1.28529954628e-06,1.78531427325e-10,3.78355337904e-11,0.000200816715598,3.1563130631e-12,1.43626785296e-06,3.96649869282e-07
1.92421086085e-14,3.90179670015e-08,1.43564382651e-08,0.988777779769,2.73277007967e-18,3.6320073138e-10,1.58077056371e-13,1.05446165781e-09,0.0108596167786,0.000362548660497
9.50093224793e-09,0.000698013691336,0.996415555336,1.06374497051e-11,4.75262848562e-07,6.69405803367e-17,2.30668253116e-09,1.16821497443e-05,0.00287426173183,1.03979050892e-11
3.57206795137e-09,0.000665255445375,6.95818252762e-08,0.58548893713,1.98298719224e-12,0.411855648845,6.01775394288e-08,2.0062553945e-11,9.79782577281e-06,0.00198022740106
4.90281085264e-07,0.00354706214799,4.56919107028e-06,2.27979369556e-06,6.46512508096e-13,0.0091498776067,2.36690475936e-15,6.21905891827e-15,5.88599179233e-06,0.987289834987
1.21862970911e-08,6.72370195301e-06,1.52990587962e-05,0.0220478470593,7.21341477129e-06,0.00202513736513,2.49327210676e-09,0.971829554936,0.00406820972536,5.89439061907e-11
4.21680614901e-11,5.25629587341e-09,2.07830233706e-09,0.000665806193471,0.000243579552292,2.047201139e-10,1.70723173168e-10,0.99907954751,1.10589921763e-05,2.48617831936e-16
0.00043015393235,0.00709955875492,8.14636753183e-12,1.03978751622e-15,0.00231894205313,0.000117797467273,0.989951327112,3.91623234411e-13,8.2179257181e-05,4.14144765617e-08
0.859430952272,1.13562463605e-06,7.27335190527e-08,5.38638802592e-09,1.18924874882e-06,2.59009590662e-06,0.139758342344,2.16909314354e-10,0.000805693738491,1.83389376162e-08
2.01144251972e-11,3.82059876413e-09,4.12098799852e-09,0.975705323984,6.00759852547e-15,7.04113966092e-08,1.28046240294e-09,3.36071058979e-06,0.024291222847,1.28045549963e-08
0.99875368437,3.72477876044e-05,4.87017113294e-10,9.09086008718e-12,8.63749535558e-08,7.46078864849e-09,0.00011654090259,1.03617950471e-12,0.000164029186416,0.000928403420637
8.07879809599e-13,5.47619422823e-06,0.999345934607,1.55729194878e-08,3.11002965181e-14,2.23028385855e-08,2.43114878832e-12,1.79463406709e-13,0.000635327525432,1.32237939767e-05
1.59349661001e-14,0.366140174544,7.6578310387e-17,7.18353773388e-09,0.633857946976,2.55084631161e-08,1.50961228896e-06,1.38271175221e-08,3.22348258833e-07,5.76016544565e-16
1.9261843971e-07,3.69660493035e-09,7.11465423885e-11,1.16172374565e-12,9.93421121888e-05,6.28615531712e-16,1.56900428623e-15,0.972113010003,0.0277855863001,1.86519735527e-06
7.30733176257e-09,1.54951478232e-05,3.12437859763e-08,0.000244692071235,1.09433030416e-14,3.90397960069e-13,4.6915890756e-06,1.00965754325e-12,0.999668025924,6.70567150084e-05
2.57956904373e-09,0.00258683493525,5.73932992352e-05,1.57548944882e-07,9.77303198891e-09,2.6455966381e-16,5.93833559596e-07,5.55045723243e-10,0.997354817172,1.90303459549e-07
3.81876982918e-06,5.26737363073e-09,1.97163788167e-06,5.5344758167e-08,2.42027058802e-05,0.798461548566,6.12916435621e-05,0.201154221676,0.000292534372457,3.50016229735e-07
7.76038745934e-09,4.09013108339e-05,0.994176597893,0.00576856635232,2.94128827895e-14,1.90412063041e-14,2.69126371225e-16,5.18820372461e-10,1.39229967738e-05,3.16825788201e-09
9.33635508748e-17,7.11080348689e-07,0.999942613993,9.19763173549e-08,3.87943929074e-15,3.84258526307e-12,6.41807590743e-12,2.56527219446e-12,5.65824069865e-05,5.3069853509e-10
1.15721353675e-09,1.5841031238e-07,5.03199778312e-12,0.000181321622421,1.21182859536e-14,0.999739557074,1.28968765735e-05,2.60908516229e-12,3.15764183355e-05,3.44884333183e-05
2.88552052013e-15,0.99875769178,7.87795592237e-05,5.26341590689e-09,1.36918745083e-06,3.24520068654e-14,0.000164576041531,5.32926912849e-12,0.000997578161989,1.14446068629e-12
0.995520947057,2.60410354217e-09,3.82053282078e-07,3.06015862339e-09,3.67066567365e-09,1.25869564219e-10,2.4318502772e-06,9.57405424949e-07,0.00444844571869,2.6826454589e-05
3.65382632642e-10,0.000155486233367,0.000196738335615,0.999616933604,1.94680841698e-15,5.21787445457e-09,3.6895292995e-15,2.85727826074e-09,1.11603395303e-05,1.96730473059e-05
1.99418777856e-07,6.02773011927e-07,3.18055929977e-08,2.7597758835e-06,5.10166296274e-05,5.80015571569e-08,0.994011775682,1.74904864128e-14,0.00593355591304,7.97763202759e-17
2.13080881445e-10,1.80017776404e-07,0.0152540214592,0.513392646016,1.24810849322e-11,3.61007539427e-07,4.1997778342e-08,3.35530950507e-12,0.441624649994,0.0297280992792
6.49274756003e-06,6.63697613475e-05,1.49059411823e-06,0.0029850150307,1.33091245302e-11,2.75192796911e-09,2.21014858978e-18,6.02600220997e-13,2.09296831926e-05,0.996919699417
1.7082141534e-11,0.000317776751571,2.56642338194e-15,1.77874948788e-05,0.99916619087,2.31818123219e-08,3.30969805395e-06,3.19794542994e-07,0.000494592192006,5.99305125e-15
2.4629645045e-12,7.52998132978e-08,1.28373525954e-06,2.35717795222e-05,5.45042668176e-10,1.32323499546e-07,1.26406522392e-10,0.999654253775,0.000320681997421,4.15528521194e-10
1.12087841408e-07,0.986716608025,7.7178674683e-09,1.84686546014e-13,4.03359807712e-06,9.4433384034e-09,0.000141155754354,1.01868326628e-07,0.0131379650109,6.49452470101e-09
0.999997283093,3.62400431829e-08,1.2276627105e-09,8.56089128038e-15,6.66685826343e-07,9.17920679636e-10,1.28912628436e-10,1.38777212832e-06,6.21108074688e-07,2.82599637925e-09
3.7446831995e-14,6.20843828433e-08,1.67228948029e-05,0.999961511386,2.4806847125e-17,6.80464754883e-09,4.04045587392e-10,4.42951444542e-11,1.76975032862e-05,3.99887828829e-06
1.10985699171e-06,2.55086568342e-06,0.999994922978,1.16361883558e-08,2.53283835592e-10,1.69517701363e-18,5.94553244977e-15,2.36539520564e-07,1.16752324139e-06,3.47395648895e-10
0.999821674789,1.88061919354e-09,9.64497242085e-05,1.67305907613e-10,4.71845916058e-11,8.32508502713e-08,1.97693792111e-09,1.37187449618e-06,2.19059735824e-05,5.85103156634e-05
1.24851428303e-06,1.87954816306e-06,5.29346078626e-11,1.92334322732e-09,8.2617737283e-09,6.60414033603e-11,5.04276841768e-10,9.00819373267e-11,0.989972130473,0.0100247305659
3.28489848623e-11,2.33986539134e-06,5.84634487148e-13,8.95527109461e-06,6.26559948684e-07,0.999899264016,8.30825906518e-11,6.77429462537e-10,8.84808222765e-05,3.32671227395e-07
1.49529623873e-07,1.58350346751e-07,1.3300799118e-10,1.01658023315e-06,4.65583717714e-11,4.31642415314e-06,5.42581478769e-15,6.22947814776e-13,1.80240884437e-05,0.999976334847
2.27630610432e-09,6.57061112958e-06,2.33213605777e-16,1.45016982348e-10,0.999115370476,1.51340948285e-06,0.000157822992552,1.08744337802e-10,0.000718719980684,6.63983215142e-16
5.02184589043e-10,3.84926088757e-08,1.93088947257e-11,2.99496608391e-05,5.95071769509e-11,1.04153101479e-10,1.78547806896e-17,0.998638704508,1.00726147154e-06,0.00133029939237
2.3795729816e-08,1.00473248627e-06,1.59515404867e-07,1.46757484023e-06,1.81631493381e-13,9.01077433218e-15,7.98276949676e-07,9.25735174788e-10,0.999996370734,1.74444677619e-07
4.99322000315e-13,0.00971630330479,2.57497117094e-06,0.00387053922563,2.63868531594e-10,2.05868386215e-15,0.00197149800921,1.2976033951e-11,0.984435855405,3.22880653034e-06
6.44574109214e-17,1.56721719338e-06,0.999990400575,9.20641613863e-08,3.13219029884e-12,1.50932626679e-11,3.64770482134e-13,7.91656253891e-16,7.94010850603e-06,1.63796332315e-11
1.83739105324e-12,0.000196091009613,3.04660442596e-08,7.02462004332e-05,4.60896440334e-07,1.10076012338e-14,0.999715986646,5.89631213746e-09,1.71788836338e-05,9.82233944311e-14
1.73834578229e-08,1.73451480777e-08,0.998975892379,0.000988257008493,7.75384571373e-14,5.19506171409e-12,2.67065291687e-17,7.3068041803e-12,8.61422023071e-07,3.49544497014e-05
0.999994399078,5.25202240361e-09,2.16242268926e-06,2.20395820673e-14,2.04828716726e-06,7.52503918608e-08,1.00730657506e-07,7.33251968653e-08,1.13552688993e-06,1.2736685896e-10
0.998730381429,1.52092066783e-09,6.72101494396e-06,6.20995293679e-09,2.57586195426e-07,8.99153926012e-09,2.4788111259e-08,3.41249684344e-07,0.00125646357686,5.79363272302e-06
0.999978967481,4.4566456946e-12,1.9545472686e-05,9.34309497714e-09,6.73209947491e-12,2.86552476365e-12,2.21190787759e-09,7.62578090103e-12,1.46294708309e-06,1.25223279462e-08
2.71683462886e-10,0.000503961391161,5.80752805536e-09,1.40193155479e-08,2.59812766536e-06,1.22047176555e-08,0.998233856283,9.89150569993e-13,0.00125955189286,6.51395857604e-13
1.34036218638e-06,4.45907844372e-06,6.08512486477e-10,6.63701351189e-08,0.00953096568539,4.67293647125e-07,1.04388523231e-11,0.990453805675,8.80803353742e-06,8.6882721307e-08
4.49244803266e-10,1.42123243714e-06,1.61493596717e-09,2.48510219045e-05,1.66276941262e-08,0.99823207751,2.6279938817e-10,1.26484450018e-07,0.00160318877142,0.00013831602491
7.97160001927e-11,0.0297112173923,0.000559645932869,2.20913843218e-10,3.72916658317e-06,1.10261505117e-09,1.18084780664e-08,9.10407936889e-09,0.969724678977,7.06215445265e-07
5.60775156744e-10,4.16037859797e-07,2.99885698269e-07,0.968327697552,2.19680831971e-17,0.0314209156987,4.72417400926e-14,1.36985329831e-08,1.50825974065e-07,0.000250505740291
7.85169340118e-08,4.21677451605e-06,4.39919691715e-07,0.00159530578856,3.7566334153e-07,3.32016886827e-09,4.31905466502e-13,0.998397521107,1.84708862237e-06,2.11820864309e-07
2.97620045346e-11,6.63481132044e-05,7.07182810647e-07,0.999352811871,8.32231965964e-15,2.42957009339e-05,2.41772602328e-09,2.47458514869e-09,0.000489411088241,6.6421121918e-05
1.52503503305e-14,9.00937844675e-05,9.28937115119e-09,0.000108419756716,1.96814264137e-10,0.999733089533,2.34238744843e-10,1.10495909661e-09,6.83498706327e-05,3.62295895855e-08
2.79094292966e-09,0.017213338959,2.32069987343e-05,1.93543149578e-05,0.000914665264989,6.58880949872e-08,0.909661095797,1.06278561926e-11,0.0721682699754,1.15318752306e-15
5.3398898945e-07,2.79548794013e-05,6.75175646424e-15,1.60331834066e-16,0.99994498556,4.30544235276e-11,7.50419129946e-06,4.10841949469e-08,1.89802526539e-05,5.45212894065e-20
6.63806346737e-14,0.000915668399745,8.56873819263e-07,9.03283658e-08,5.65638224773e-09,0.999048353714,8.07538139943e-11,2.65023222147e-07,1.57773549355e-05,1.8982569081e-05
1.35098397969e-12,0.974921920472,5.40907680383e-09,4.04780483855e-14,3.18724545478e-05,5.24132503752e-09,0.0202221799603,1.95967714007e-11,0.00482401643888,2.90760416945e-12
1.32691133764e-09,1.93305098075e-05,1.39994325056e-10,5.30783056418e-12,6.12110911402e-06,0.999923592297,7.35412309055e-07,1.10273349256e-07,3.41465142657e-05,1.59624117122e-05
1.9897761125e-07,6.56151568189e-06,0.997377664149,0.000149210413631,2.95057564411e-11,3.20491735839e-09,1.62892935861e-14,1.03068792216e-10,2.73827069522e-05,0.00243897889921
2.225816365e-05,3.56849725826e-05,0.000232186412912,0.000992674273738,1.00506608472e-12,7.03589628807e-06,1.3058567456e-12,3.42762247346e-11,0.000732850722149,0.997977309522
1.75871303667e-06,6.05004845424e-08,2.08107666024e-10,8.18925540457e-07,3.24954981155e-07,1.35449000117e-09,0.897440133412,3.05125274379e-12,0.102556882665,1.92630155422e-08
2.3431160495e-08,0.000329074523139,1.17167487809e-11,1.17323623058e-15,0.99936436631,8.88218253226e-14,2.09110077835e-07,1.30900874809e-07,0.000306195712886,3.99742106872e-19
5.82973306302e-10,6.60139447955e-09,0.998683832766,1.64972538247e-08,3.60233197125e-18,1.15669356087e-10,2.9784634562e-11,1.07019964563e-12,0.00048871180166,0.000827431604607
5.11921730791e-14,0.997277070965,4.13805532785e-05,3.86910420724e-07,1.35658495835e-05,1.12096662011e-10,2.18483693574e-10,4.7495336275e-07,0.00266674023597,3.80201878482e-07
1.29377960885e-06,8.36393890044e-09,8.75292493319e-11,8.76223712735e-11,0.0120463501473,1.13205055351e-06,0.805863917458,2.93159554788e-09,0.182087295094,2.5636458883e-18
4.40681219255e-06,1.44498248667e-08,8.68815251542e-08,3.65021036675e-08,2.93839178667e-08,0.00253921829768,7.1621705552e-11,3.11263956047e-05,0.997418610473,6.47073254025e-06
1.69691058284e-09,3.07553836917e-09,1.86028493143e-06,5.791572744e-06,3.84645153897e-09,5.39818548301e-13,7.09143510767e-07,1.36408724991e-07,0.999357874168,0.000633619802342
3.78922304613e-10,4.09131230009e-07,6.20756185519e-07,1.1422640097e-05,3.43343644403e-09,3.72592308615e-08,7.17834224252e-08,1.47250554844e-09,0.929134086855,0.0708533462897
3.33539073109e-11,1.68740372396e-08,1.97072922961e-07,0.000233915227532,1.92459116749e-10,4.66918332108e-10,7.1991766337e-06,2.15952402926e-09,0.999064048765,0.000694620031211
4.95007342039e-07,4.28940310737e-07,2.70942865301e-08,2.35479219929e-06,2.78388754182e-05,2.02530650554e-07,7.93546635817e-13,0.999810082679,1.16534378702e-06,0.000157404735965
1.78174511243e-12,6.27494529701e-07,1.345818283e-06,2.75351281811e-08,9.13741247383e-06,3.02064014801e-05,3.28464699307e-12,0.999934385698,2.57838750586e-08,2.42438512336e-05
1.63585026454e-08,2.09556674014e-06,2.02824332047e-18,1.14530356112e-08,0.99958855139,2.7800593652e-16,1.03206513736e-10,0.000123290235014,0.00028603418648,7.0689463718e-10
3.25726761397e-10,0.000106176718868,2.06325194657e-08,1.3312759314e-10,1.00461486923e-05,5.41760649753e-08,5.97853308312e-11,0.99988368798,1.14572810733e-08,2.36762206726e-09
3.77262810528e-10,2.31337768578e-05,2.15116437514e-14,4.95439138865e-05,2.64265276908e-11,0.999801074444,7.97917209161e-09,1.83029257699e-10,8.23174245542e-05,4.39218747342e-05
2.73838949501e-11,2.47443222979e-06,1.99191442576e-08,5.98681452586e-12,3.37915197194e-06,5.641488063e-07,2.61771508269e-13,0.99998967142,2.5730799941e-06,1.31781386981e-06
3.27305981398e-08,1.6509675769e-05,7.64616974904e-13,0.0334299601891,1.82329226195e-06,2.09858620536e-06,9.86386602792e-08,1.22266971555e-09,0.785177622402,0.181371853262
0.000228996743313,5.73127962116e-08,1.57895031626e-08,1.34416209627e-06,1.02563627431e-07,0.000211246577961,3.28439432304e-13,1.7190710055e-09,6.92940983437e-05,0.999488941033
1.04891930471e-08,9.53867484072e-07,1.79612519747e-12,0.0001020604447,4.82889893745e-10,0.71394629283,9.91929250014e-08,2.40021196854e-12,0.285830683296,0.000119899391847
7.59847994999e-05,0.000314832704139,1.10565384735e-07,9.734264734e-08,3.85209441133e-09,2.63325981335e-10,2.2116176666e-05,4.66047354813e-08,0.999583297232,3.51045977222e-06
5.50967174991e-05,1.70505409175e-06,4.37316705253e-11,1.48682689896e-09,4.68046874031e-08,0.000204767702508,0.999291925049,1.7847760252e-13,0.00044645712843,1.33423607586e-11
0.999765782023,4.82366877093e-09,5.61518405908e-08,3.0567979468e-10,1.03820725614e-06,5.914919212e-11,4.82681847374e-06,5.72232581828e-07,0.000227719312747,6.52052580101e-11
9.25098869346e-09,2.56913631836e-05,8.61029519039e-17,1.68912359313e-19,0.999946993928,2.40948269495e-09,2.71428397009e-07,5.1178048064e-07,2.65184203246e-05,1.41898346864e-09
2.3990308727e-05,5.17606211705e-05,1.72119751797e-10,0.000363085413919,9.29636064491e-07,0.657140474592,1.32942489447e-09,1.87754545692e-06,0.000641899805316,0.341775980576
0.0179910179556,2.14103838527e-06,1.15606591736e-08,0.00679772068144,1.17004100793e-11,0.0023818392394,2.56932201803e-08,4.53571992852e-08,0.0496746413946,0.923152557068
1.49505556437e-15,0.447771481258,9.1518123222e-10,2.53695498803e-10,5.0205739356e-05,0.552158769185,1.77239780449e-11,4.4858781277e-10,2.12259838751e-06,1.74195840961e-05
2.30465661347e-08,6.48990308703e-09,1.04579719596e-11,1.48685741551e-09,8.31303455235e-07,9.17634257185e-11,0.999958430628,9.80038864217e-12,4.07069330304e-05,3.53222613839e-15
5.87076986012e-13,8.60537228651e-06,1.45702275413e-08,0.969479307234,3.3920304558e-14,2.8068647115e-08,2.38185371326e-13,3.17010209563e-07,0.0271812164761,0.0033305112672
0.000545000004988,8.18976435664e-06,1.35416440761e-10,2.15399979931e-08,6.48721725856e-08,3.2029772615e-08,3.5145092797e-11,8.62826167408e-11,0.00219202573862,0.997254665793
6.77070280876e-17,0.999712937835,1.09752527725e-09,7.90019708878e-06,3.60729481253e-11,1.0124275621e-07,2.29392188355e-07,2.47451466718e-19,0.000277458998248,1.37120158752e-06
5.92072894021e-08,1.3649651964e-07,1.102741416e-05,7.07376940514e-05,2.42889687734e-12,3.08973443668e-07,1.3522167937e-12,4.16534377589e-07,4.53555686681e-06,0.99991277812
2.94304875114e-07,3.69573545187e-06,1.81641317785e-13,0.000626835156,5.04916834026e-11,2.32987470922e-05,1.1021841792e-07,6.86966938949e-15,0.00824364495325,0.991102120834
1.25381008742e-14,0.994470086492,2.78188694473e-07,3.70280648055e-11,6.43957117712e-11,4.31809858442e-09,1.3094270388e-05,3.27249678576e-16,0.00551653662855,8.81746896372e-13
4.68788271862e-11,1.05705515514e-05,1.62526338445e-07,0.999754439225,3.3340288698e-14,0.00022817821933,7.9330619221e-16,3.27895512334e-07,6.23583565745e-06,8.57001913831e-08
4.20109923357e-09,3.22239515016e-06,5.95111205668e-12,2.91704116191e-12,0.00011675206378,1.24838454713e-09,1.16296631022e-14,0.999833228416,1.68216644122e-05,2.99700024956e-05
7.67766758699e-09,1.21387943988e-06,5.09686814889e-08,3.27079707458e-07,1.66096968556e-07,1.81330399138e-08,6.89793628481e-11,0.999982310488,3.80484939683e-06,1.21007583401e-05
7.97342798563e-11,5.41603053128e-09,3.22810295998e-07,0.0288308802761,9.13121887484e-12,3.64886183225e-09,8.01997568262e-08,9.18200110608e-09,0.971084808272,8.38901059323e-05
1.38546488802e-10,0.860044222913,2.0553246888e-11,7.51213221988e-13,0.137704946537,0.00156777675299,6.27125119096e-07,0.00043009274109,0.000252307592187,2.61783728319e-08
1.06016803462e-13,0.00298459902056,0.995573118061,3.12227941173e-06,3.8743883962e-13,3.01506708667e-12,1.46339203405e-05,7.64411584665e-16,0.00142452670981,5.68157012656e-12
8.65063175906e-13,0.987579312351,0.000477170096186,0.00126917795369,0.000160673295919,1.11644803041e-06,4.35651932434e-08,0.000180103979647,0.0103271752883,5.22702154398e-06
1.21498928438e-13,0.000485776583658,0.999479419751,1.55960805576e-07,7.06201707439e-12,5.54621829822e-07,3.02158784162e-09,4.09746852279e-18,3.40663561304e-05,2.36981969381e-08
6.20563317649e-06,8.01935780342e-09,3.34403119486e-07,1.53486646407e-07,1.8627187889e-05,1.53852974261e-07,0.997356188047,6.3201682393e-13,0.00261832936879,3.52267185593e-19
1.71562384478e-07,2.12909653662e-08,7.00355378142e-18,2.75154646548e-13,0.998769302337,1.3832887876e-11,1.88052526799e-11,5.84061541645e-08,0.000139432937043,0.00109101343362
6.19379771689e-09,2.16881980107e-08,3.14665556198e-12,2.92665529527e-10,3.3210031308e-08,2.20093346917e-12,0.999971999712,4.29534499396e-10,2.79384680816e-05,2.82563774086e-13
0.99993919774,1.01411667403e-05,4.96482516065e-08,3.1190285672e-15,4.28732112706e-07,7.4812661433e-09,2.13955087132e-06,3.49650043524e-10,4.79472944282e-05,8.80362226065e-08
2.88679174059e-11,6.18743562448e-05,5.70226111892e-06,1.52122766868e-06,7.64415350938e-07,2.82567852039e-08,1.42318902749e-12,0.999855403564,1.43098957423e-07,7.45627891256e-05
1.46948837989e-15,4.61233348846e-07,0.999651939505,0.000333608990033,1.17212097981e-11,7.86010678388e-09,1.12012638588e-11,3.14116459929e-14,1.39823884282e-05,1.13106103599e-14
3.22822918005e-07,0.526535131368,1.53137648142e-06,2.74806522237e-07,1.3858354103e-05,0.0489247393441,1.56025102424e-12,3.26897238845e-07,0.000147100416975,0.424376714612
2.51614773825e-10,1.37942634876e-07,1.81696548965e-15,0.000114209459788,1.79985693785e-10,0.999834880258,3.22858068763e-09,3.01900346572e-09,3.10181323646e-06,4.76638467818e-05
2.28688444503e-06,0.000906509305968,5.36949071598e-09,8.54234631475e-05,1.1189897202e-10,0.998091427662,1.94443531316e-09,1.76166421128e-12,6.88711867762e-05,0.000845474070289
6.62535404983e-11,5.07892724119e-10,0.999910098255,8.89571275914e-10,7.44077756916e-17,1.72341733788e-12,1.55518753289e-12,1.09115634574e-10,1.69396850639e-05,7.29604834567e-05
0.00198131328719,7.29119204536e-05,2.64785478121e-10,2.1537104301e-08,5.9406207622e-07,0.0561593514719,7.05230925464e-12,2.66372844789e-09,0.00434108489244,0.937444719893
1.29107328626e-12,0.0246884153322,0.000137725643755,0.000970063451321,9.26147044199e-07,5.7009574504e-14,6.89167767573e-08,4.65347906619e-10,0.974202791245,8.79719483716e-09
5.17579465139e-09,1.93901492842e-06,2.97609106745e-06,1.01897941927e-10,0.000799112422635,2.06884821377e-11,5.53615865236e-15,0.480393461443,0.0293849470622,0.489417558668
0.999576826306,1.72707584194e-09,7.46435816945e-08,9.27888512926e-11,4.17382495256e-09,5.42119141112e-08,0.000422107505057,7.99519220989e-08,7.90783380002e-07,6.06044120449e-08
4.49623449939e-07,2.89626912694e-09,0.981815109669,6.10291279346e-06,1.21604350086e-16,2.10253010242e-08,8.42777444697e-12,4.0288621376e-05,0.0181380242072,1.03641479162e-09
4.63452210777e-09,4.08844153538e-10,1.81769805181e-07,1.3886795566e-05,8.5805818033e-11,8.77261390529e-10,9.9184647394e-14,7.84661207719e-09,5.99296300877e-06,0.999979924618
3.97769457918e-13,8.22645238785e-10,2.72038829215e-05,0.999968244361,1.42767960899e-18,6.34006653728e-09,1.42491194231e-14,3.25243150634e-08,2.70394231628e-06,1.808125892e-06
1.00299562493e-09,1.70273838229e-11,1.11135508883e-12,0.000491917914371,1.61601515733e-10,0.999228796644,0.000207879318944,3.03622891143e-12,8.59704644669e-06,6.28078905413e-05
1.81327672813e-11,0.961384035775,8.7753927693e-09,2.3646154744e-10,0.000107491069475,1.34016964958e-10,1.42882241715e-08,3.37243729894e-06,0.038505076157,1.1092847891e-09
