c0_v1_stage2_stack,c1_v1_stage2_stack,c2_v1_stage2_stack,c3_v1_stage2_stack,c4_v1_stage2_stack,c5_v1_stage2_stack,c6_v1_stage2_stack,c7_v1_stage2_stack,c8_v1_stage2_stack,c9_v1_stage2_stack
0.000248966999013,2.44862856784e-09,7.83806351516e-15,1.29652525085e-13,0.97467522783,3.76700123568e-05,0.025037735966,3.88680879109e-07,8.06325233211e-09,4.14615454688e-18
4.13522333621e-08,0.947597575581,2.94878126014e-07,0.000474671139312,8.32633862451e-09,2.58702485169e-10,6.13797323918e-16,3.69776294634e-11,0.0110976534387,0.0408297549886
6.0461009469e-11,0.975268910314,4.43463443702e-07,8.01841845232e-10,6.08706722249e-07,3.03198923974e-11,1.69350615819e-05,1.73638188834e-06,0.0247113267983,3.83813372248e-08
3.887943652e-07,1.35441958598e-07,5.49568096023e-14,5.32832606485e-16,0.999866994487,7.79873207563e-10,2.74716546747e-06,0.000128970709153,7.62621743305e-07,1.32052592053e-18
7.56726522235e-09,0.00369031025965,0.0106857789107,4.3341965449e-12,0.000256727096659,7.65030552979e-06,9.03544281698e-10,0.000883607409144,0.727985575215,0.256490342328
1.75825907745e-11,0.000239864165167,9.50549033144e-11,8.58629378617e-06,3.09382649764e-10,4.5604070272e-08,0.000211021726914,3.60529742767e-14,0.953032615713,0.0465078660751
1.49073223394e-05,2.19833350355e-07,7.19838558253e-12,3.77078610303e-08,2.86014626652e-07,0.000167641228702,0.999765932642,4.86568395272e-11,5.09605395824e-05,1.46557329475e-08
0.999215853376,3.85067328135e-09,5.72698167686e-05,2.69604017919e-11,7.52113802146e-10,4.07028979645e-08,0.000681378469107,3.05346823724e-05,1.43076472637e-05,6.1067601608e-07
0.999989620208,2.47702972157e-14,1.36584227263e-06,7.99999291372e-11,7.98656625676e-06,3.77653927273e-07,3.24109349743e-11,3.84857874838e-10,2.19976565785e-07,4.29255366861e-07
2.85415941608e-07,1.3908007254e-07,6.74943484135e-07,0.000119178333567,8.76791152105e-08,0.00718976036635,2.25660829222e-12,5.57837524571e-09,0.294855980884,0.697833887717
2.61093471457e-16,0.998600752612,1.82926370497e-05,0.00129260971149,7.68150429962e-12,6.50432729869e-09,1.08639840074e-07,3.12027125406e-18,8.82143668871e-05,1.55208766168e-08
2.82778947353e-08,8.19257536321e-07,2.69271364079e-09,3.8517847963e-09,4.20600526836e-06,1.72862846926e-08,0.999105428026,5.87806609388e-12,0.00088949459689,6.91827917193e-17
2.19475087645e-11,2.81295502082e-08,8.60077779026e-05,0.999771019073,4.75329953358e-17,3.94156203991e-10,3.61119483681e-15,1.78713359827e-11,1.19845578636e-06,0.000141746129727
5.27633198438e-11,0.0447115865678,3.27254630744e-08,3.78159493731e-13,0.0017695709842,6.60032496817e-06,4.87263846728e-12,0.953390992065,6.75234369787e-06,0.000114464930859
8.01746473095e-11,0.999070699129,0.000414196201667,5.6275705809e-09,1.7369989448e-05,8.10934977263e-08,9.67705655385e-16,2.28956692095e-10,0.000345556745016,0.000152090904444
9.22560560265e-07,1.24056836545e-08,7.96075372808e-17,3.39883311238e-12,0.517433145326,2.9126795284e-14,9.47774351755e-12,4.37978314959e-08,0.000385339860054,0.482180536037
4.05603230182e-15,7.56814913345e-07,0.999990771931,8.35476961784e-06,4.13182201638e-15,7.62167808172e-11,6.14337104097e-14,1.42779999012e-10,6.14971269377e-08,5.47677941183e-08
3.6684131666e-09,6.84221969489e-07,6.86554255756e-08,1.64419428713e-11,1.91964502619e-07,2.01239449306e-11,9.26060235702e-08,4.03509591306e-14,0.999998475143,4.83704198057e-07
7.62089661962e-10,1.63190233267e-10,6.69448138965e-07,0.499314755261,3.91990225127e-07,1.48028571966e-07,8.54489011976e-12,0.500645503071,2.17371958083e-05,1.67940714356e-05
1.61871827842e-12,6.23893296797e-10,1.57113199966e-08,9.40763330838e-12,1.35762192636e-05,0.0011275095519,1.57062253832e-10,0.998835488485,2.33945964976e-05,1.46440303539e-08
8.74590868999e-07,3.45607767141e-05,1.1409589364e-15,1.79367390001e-17,0.999950118582,3.91025521356e-09,9.15482529012e-06,1.64837697482e-08,5.23735342297e-06,3.3478097302e-08
1.45573336887e-08,3.00637271574e-09,0.999712874268,4.73954269238e-05,5.09286325571e-12,8.27026696666e-09,3.07907760712e-15,3.99688317238e-06,0.000235707459522,1.23410236346e-10
7.49507703874e-06,5.40973765354e-10,3.00644387935e-11,3.08883001966e-12,0.997041615887,2.70975015285e-13,2.89214207257e-10,0.00294961982674,1.26834508043e-06,9.39300702938e-13
6.53916275271e-12,0.994179028719,1.54668198943e-13,6.71853327267e-05,5.20822201805e-06,2.97993004618e-08,2.36591620418e-11,2.2469734731e-15,0.00157486973672,0.00417367816002
4.46651633283e-10,3.67505943142e-09,2.91422250696e-12,0.00261035632491,1.86970538319e-13,0.997387532371,9.21988090871e-08,5.65735448776e-09,3.61405832483e-08,1.97318247541e-06
6.49248768648e-06,2.84817486971e-11,0.0123011102978,0.987239188362,9.7753779967e-17,5.82700237519e-07,2.32354691182e-12,1.41312462058e-05,9.17617913763e-05,0.000346733083863
0.000223189073995,2.07883664132e-09,1.24893258971e-11,4.73022138174e-15,0.950400290591,1.16396949991e-16,3.90974887067e-08,0.00895183546249,0.0404246436838,2.29306728854e-14
3.24510245955e-10,3.38715152265e-07,0.192915683408,0.807069671191,2.12082574667e-17,2.65404008794e-11,5.6653893077e-20,5.00194789413e-10,1.26878293174e-05,1.61800539371e-06
2.75982999759e-05,1.86699378086e-05,4.66632818225e-07,2.35564126838e-09,2.31829827208e-08,0.000396793086785,6.40711313319e-12,0.998210581173,8.63784938304e-05,0.00125948683067
1.96663035731e-13,0.981177444268,9.78509867119e-17,0.0187271959745,3.21908914929e-06,1.89937503903e-08,5.83170242256e-13,2.29580798682e-09,8.7037538622e-05,5.08183897733e-06
9.33660794763e-15,2.73005602411e-06,7.36545409791e-11,2.85553634906e-10,2.33002766216e-06,1.29476229695e-09,2.65699608107e-15,0.999987212443,7.49361410738e-09,7.71832572881e-06
4.79425100305e-07,0.250910278685,0.000224405607502,0.000854294162885,0.00174735364072,1.9045456098e-05,4.16871982493e-08,7.17774040013e-12,0.746019742598,0.000224358729574
4.78338294562e-07,2.40730374955e-07,5.08837872884e-08,6.78045426468e-05,5.39739627111e-08,1.10845724844e-09,1.37222440265e-06,7.74288882768e-10,0.995368078979,0.00456191844515
6.49414657525e-09,8.81320741509e-08,3.85163639294e-08,0.926722146992,1.42203942645e-15,0.0697909284346,2.70643055395e-13,3.72258269592e-08,1.70092065667e-09,0.00348675250385
3.80171403691e-09,4.40536083201e-07,5.88234894493e-06,0.0047398251897,2.6803471891e-11,1.09439544952e-08,4.70284891408e-07,1.76161772627e-07,0.995245062178,8.12852817324e-06
6.01553725919e-09,7.91417745069e-07,4.55556595124e-09,1.85079177265e-08,1.82588974032e-06,2.08004645533e-10,0.999924121816,7.96404459778e-06,6.5267476508e-05,6.847932824e-11
6.95124139257e-08,3.29094494551e-06,1.01300272872e-13,1.2800579927e-12,8.31003955485e-09,0.00127818625019,0.998717417899,1.67889032213e-13,1.02701768077e-06,6.39794183571e-11
1.92619557595e-12,8.89555566022e-08,5.91855536902e-08,0.995594802798,1.18566972596e-12,0.00420091198244,2.34174606783e-09,2.0486190169e-09,6.91857907194e-06,0.000197214105997
1.24819161009e-07,1.27374256564e-06,1.96007596102e-06,7.28134070859e-07,1.78721835775e-10,4.82124578816e-10,6.45509909598e-06,3.30269519089e-06,0.999944175925,4.19788478025e-05
8.46928515555e-14,0.997826708919,1.02447490388e-13,6.93871825818e-09,0.000634193323203,3.34409539353e-06,2.18679375922e-06,4.92122583134e-13,0.00153355260958,7.32014150625e-09
4.37627985888e-13,0.994390246895,1.40608528183e-16,1.14033205141e-06,0.000472007755554,1.18964082573e-08,8.01154228968e-11,1.56445576655e-08,0.00513636594289,2.11453405449e-07
1.6962903844e-11,0.0890992817911,1.31291159827e-05,0.876355504473,5.34052194603e-14,3.42536129784e-11,2.89411578588e-12,9.95081530488e-11,0.000112092264699,0.0344199922011
2.94536911521e-10,9.53213129396e-05,4.7018612529e-19,2.01039008803e-07,5.15509498627e-08,0.999167619962,1.19529827169e-06,9.18030129828e-12,0.00073534235358,2.68179744963e-07
7.09647097804e-12,0.000104437803096,0.999462876464,7.32886498258e-15,2.83927394106e-07,5.60347469231e-07,6.23446535423e-10,4.22308636409e-16,0.000425614593077,6.22623409882e-06
4.15207826771e-09,0.96977940137,0.00614627736143,1.07843297046e-06,0.0155257806275,2.09076709432e-06,0.000216904948072,8.19068568047e-06,0.00407399335605,0.00424627829907
0.00070977329899,2.24499498557e-08,2.98763125728e-09,5.05740637363e-06,5.89733441461e-05,0.998923350502,5.88586117623e-09,7.84944002673e-07,0.000301643515697,3.85665816632e-07
9.3883103419e-09,3.13857276531e-09,1.0380490624e-15,1.16902896575e-09,8.3047548023e-08,0.000358827611878,0.999641068331,6.03790851435e-13,7.28926875596e-09,2.35912608932e-11
0.999912574575,2.21037795463e-12,2.43834782185e-06,6.36624449804e-11,5.67504396863e-05,1.04168695555e-06,1.56749979767e-10,3.06231109599e-09,2.68076037706e-05,3.84061714344e-07
1.06719316092e-07,5.9958742147e-09,2.71050808965e-12,3.72746945581e-11,2.29860634493e-05,5.41113609953e-13,3.91245838114e-14,0.999964456599,3.71672027632e-06,8.72786165719e-06
0.999941319523,6.67423324204e-11,4.61032526705e-05,1.04492782553e-07,1.0247022324e-07,1.44877825452e-07,1.66716239398e-08,5.30840430219e-08,1.11527084219e-05,1.00285302233e-06
8.50405018187e-08,1.0383662177e-12,1.34479562865e-11,9.92307190711e-05,2.59755794915e-07,1.14423240717e-06,4.26630946113e-16,2.11442803011e-10,7.57782861468e-05,0.99982350174
1.2020330969e-08,3.68561588897e-09,0.998359539294,5.28252147646e-05,1.57135101603e-15,9.01508545596e-10,4.61622642688e-12,2.96638014495e-07,0.0015841997992,3.12244171736e-06
5.80654757996e-12,3.81482242161e-09,4.76873911088e-08,0.997976493127,1.38492118619e-16,0.00201613786212,7.56992412449e-15,8.70191571726e-09,4.93904177055e-10,7.3083066943e-06
4.61219339913e-12,0.984911038446,5.00416754659e-13,0.00808184976669,0.00120320141619,1.57520953559e-08,1.49840327188e-11,9.14313402423e-10,0.00579917607636,4.71760793004e-06
5.35543978272e-07,0.936107924375,2.75278385201e-08,0.000226700898206,1.21015281472e-05,1.33788458777e-06,1.31467236211e-12,2.90230730749e-12,0.0213423880074,0.0423089842304
6.47321158232e-10,2.72393875706e-09,1.99076049156e-05,0.827278318585,1.03273287799e-14,3.66389720833e-09,3.64087868835e-07,2.85544245927e-07,0.172649437311,5.16798317991e-05
1.88979341953e-05,9.43548333574e-10,8.98290643751e-08,4.37633959241e-12,5.60640689373e-09,6.795253001e-07,0.98111273698,6.57742356046e-11,0.018867589111,1.52059100544e-15
0.000299080976726,4.05299126955e-06,5.71772620197e-07,1.98085572404e-09,0.0247419533796,3.2126198416e-06,0.974053461183,6.44374446949e-09,0.000897658652784,1.87167129015e-21
4.47934653164e-13,0.991007804979,1.04889254108e-06,1.65678190971e-13,4.20734314068e-05,0.00589345719607,0.00100100369417,1.31410736612e-18,0.00205348902932,1.12277679896e-06
4.74123567008e-09,0.161503671057,0.822029920543,4.19692927092e-14,9.80096406875e-08,0.000226435204852,0.0125343197555,1.92268025741e-15,0.00365137060101,5.41800876319e-05
0.0103754888154,2.42749312371e-06,4.94272215699e-11,1.30489411855e-15,0.977090270283,1.66946637386e-15,3.23377620618e-08,2.74979691357e-06,0.0125290312245,1.71177384733e-14
1.53213616714e-07,0.199493350996,5.16271559064e-15,2.741042665e-06,0.800485394082,2.62959774323e-10,6.67263170488e-10,3.85969911005e-07,1.66919403034e-05,1.28182560627e-06
9.97276727852e-13,0.990231152863,9.96242921941e-08,8.07909987841e-11,8.81645862235e-05,2.03912408957e-08,6.61771638272e-07,6.09214829849e-07,0.00967926938044,2.20870258907e-08
1.56403815126e-14,0.00241174995961,3.2602731966e-07,0.997544224821,2.51387988949e-12,1.69460626535e-05,2.94206519749e-18,1.58657077226e-06,1.7797754948e-05,7.36880132476e-06
1.15239794268e-14,0.37709560056,0.622868912122,8.12939139581e-07,3.06058039113e-12,6.58109947899e-10,2.87459649532e-08,2.89595062341e-12,3.46449684297e-05,3.52624481225e-13
5.16843192516e-07,0.000197409719892,1.40705681377e-07,2.72232523227e-08,5.66002533818e-05,2.77993422885e-07,0.99439480338,6.40487975013e-14,0.00535022388075,9.88972906778e-16
0.999962097238,7.70525367121e-13,3.73641189973e-05,5.28544619907e-11,8.12904698081e-09,8.6961055271e-12,1.15535723074e-13,6.50594201518e-08,1.18900055494e-07,3.46491629706e-07
7.97483001943e-11,1.76309858719e-09,2.43082817453e-08,7.16893167143e-06,1.06092019461e-09,7.4740461916e-09,4.99463133351e-09,2.57790155404e-09,0.934044156833,0.0659486319769
4.33150816655e-10,1.85982434633e-06,0.999430708241,1.61286784669e-12,1.30903013817e-12,3.62835941056e-07,1.87857513689e-07,2.86852096943e-10,0.00046516730321,0.000101713215561
0.999972888235,7.6909258868e-11,2.08240951059e-07,1.13542637079e-09,6.55912549918e-08,2.58744914049e-08,1.2504191118e-07,3.27064696365e-07,2.35431940805e-05,2.81554515836e-06
3.6624722104e-07,5.90841330552e-05,6.41101667126e-15,0.000152019172091,0.000645798684545,3.88554810474e-05,1.04562562155e-08,0.998861968644,6.02193529331e-06,0.000235875246641
0.999218681378,1.13027613424e-07,5.24706039562e-07,3.75864440981e-11,1.91891671862e-06,9.06834459843e-07,0.000774689115895,5.5408379837e-12,1.28736993402e-06,1.87860822624e-06
3.3816958789e-07,1.06998133115e-05,1.46598244271e-07,7.81667348928e-07,4.51296054346e-06,6.22801180844e-07,3.27213639663e-09,0.980325371991,0.0196575227231,3.12807946717e-12
6.22607907278e-06,1.18704694812e-06,7.7346054886e-08,6.60875989759e-05,9.88722867399e-11,5.53836526627e-12,1.39842677854e-05,0.00014981758875,0.690696426498,0.30906619347
0.999987161087,1.78875235058e-15,1.80053473235e-07,1.54019890562e-10,1.821570117e-09,1.8674648295e-11,1.26313725514e-05,1.05020165579e-11,2.52784420641e-08,2.0375914394e-10
7.41226731711e-10,0.00335125891939,1.53028991132e-10,3.18895937201e-06,6.4173935544e-05,0.00546392167854,4.81273483894e-17,2.49834778533e-09,7.99708359444e-05,0.991037482279
7.29288534796e-12,1.10528434153e-06,9.0624629734e-09,0.998586509409,8.58950058272e-18,6.30035426527e-06,6.06798001961e-16,1.51535158223e-05,0.000181128419588,0.0012097939477
1.58407815214e-09,2.04630353234e-06,7.40142635195e-07,0.521270946376,1.22177217537e-09,0.112110255152,3.95721693441e-10,0.354256428183,0.0123459412378,1.36394038131e-05
7.59850881953e-11,1.81499153392e-09,7.69438597713e-09,0.998812413812,6.41335366169e-15,2.19726377834e-06,5.88741600207e-12,2.56535877717e-07,0.00115587255932,2.92502374694e-05
2.12787246846e-08,5.62079070604e-06,3.09035544278e-06,5.60455895913e-08,1.37753860776e-07,9.1997169573e-10,0.999919932992,2.1177918289e-15,7.11398635109e-05,2.00378418004e-18
0.999997176826,1.06283014799e-13,1.81700818481e-10,2.81022962068e-11,5.69150701397e-08,9.03765474249e-10,3.104112691e-09,4.01629728899e-09,2.75024931137e-06,7.77557744115e-09
9.38894083947e-07,0.000184005624049,5.81489753149e-08,2.24077830582e-05,0.00290993335324,1.50998050738e-05,0.939663506217,2.36149505782e-09,0.0572040478129,1.47114131487e-18
7.98955373733e-10,3.86112993829e-07,5.46899548154e-05,1.14961521382e-09,6.33642660251e-08,8.9333204894e-14,1.35823800821e-14,0.999944694811,1.63598227225e-07,2.09525920571e-10
4.25897709577e-08,7.31304200135e-07,1.2056648182e-11,7.52159905205e-05,7.84947778153e-07,9.26859104245e-08,0.999914835804,5.36839951414e-09,8.29106440028e-06,2.32898722653e-10
8.0654413023e-09,1.02848017815e-12,0.639828123943,0.360164057593,1.45007436906e-14,1.27474295887e-08,2.10256478087e-08,5.32138406842e-10,7.77608993525e-06,2.04599345112e-12
5.51587035542e-11,1.25591907873e-09,0.0290970103869,0.970887920066,1.61515493249e-15,3.8865271963e-09,1.24948290278e-08,1.35293684516e-07,6.61237861668e-06,8.30418252731e-06
3.14920477434e-10,4.27654078078e-10,1.23609536468e-06,0.999929469135,2.25103303008e-17,1.21882756424e-06,1.08638383545e-12,7.03922631656e-08,3.81099049041e-07,6.76237074304e-05
1.41900035411e-06,6.86269611068e-11,1.55406005863e-09,9.81711577868e-12,6.35429525166e-08,6.047996255e-05,0.998983501475,4.78562048302e-11,0.000954534338547,1.90770119783e-19
0.000257545080182,6.54220019393e-07,0.999316801282,3.34918089607e-06,8.54928590348e-11,3.75783888709e-11,1.98566924141e-12,1.65416477637e-10,0.000421649877442,6.91202318608e-11
4.56846077107e-09,5.60877683056e-08,4.04823023747e-06,0.988753674571,9.70864785015e-12,2.47963239705e-06,5.67662718763e-07,2.00147485065e-08,0.00208609197842,0.00915305724411
2.67903885966e-08,2.11295966033e-06,1.20778782516e-10,3.45682114996e-05,7.45775953312e-06,5.08823654786e-05,6.60548450362e-10,0.999904880148,7.09841448243e-08,8.79199126075e-15
1.08504547348e-12,8.12996134813e-08,7.29026534712e-08,0.999003603922,2.45183517068e-15,0.000146314414699,1.10467610034e-08,1.49253684178e-07,0.000385321284059,0.000464445875671
1.10056492998e-05,6.52993301614e-10,7.2238443345e-06,0.997647858206,1.59387206489e-13,3.0545820394e-05,1.04834008003e-16,0.00222482643104,1.75111716955e-06,7.67882790298e-05
9.69061387019e-12,5.20985167198e-06,3.81648906534e-12,0.00358230081469,3.22065183076e-08,0.980970102327,4.72532711811e-10,5.43889739715e-10,5.4774624822e-05,0.0153875791452
9.41082973527e-12,2.33264016058e-08,5.1899963167e-07,0.988251804925,5.95572527187e-15,2.06073851759e-05,1.07513464261e-13,8.79446095431e-10,1.07785044687e-05,0.0117162659699
2.04857149989e-08,3.42751451305e-07,4.07235332682e-18,1.25014905644e-10,0.999918920346,4.34345850413e-11,1.78477635164e-10,6.94779792532e-05,1.11829905535e-05,5.51003299723e-08
0.746810107063,5.08829454455e-05,1.04668487168e-08,8.27636440642e-13,0.253132388699,1.38854732716e-10,3.44776834023e-07,1.72706710788e-06,4.53884214516e-06,4.75419820156e-15
6.46337994236e-09,1.99084085621e-05,1.06461977309e-11,4.28656411899e-11,8.44675472049e-06,1.05087515347e-07,0.995553028791,5.42861654891e-13,0.00441850444071,5.46119075207e-16
4.45789600892e-09,0.032005449107,9.08161706421e-10,1.56964034233e-07,0.0398718029977,4.02864391071e-09,2.77736286251e-10,5.11832599045e-16,0.928102589599,1.99916594083e-05
0.000429902355682,2.20420451412e-11,3.45363658517e-05,1.54249938409e-07,7.59559174665e-07,2.60531724349e-06,0.999520408023,5.95767422348e-07,1.10383399311e-05,2.33284027841e-18
0.989621083273,4.13005723773e-12,2.5133007487e-06,2.8716653992e-07,6.60874103852e-06,0.00550098237563,5.43030848021e-11,0.000669596647258,0.00416151516327,3.74132740853e-05
3.99451519663e-15,0.999875624218,3.04425038552e-05,2.86949959009e-09,7.96386546335e-09,5.50689355189e-07,8.05049829764e-07,8.14438989636e-19,9.25666974465e-05,8.37599048227e-12
2.29587474762e-06,7.99420296536e-10,8.96723292528e-12,1.02491823461e-06,1.13349411456e-08,0.999981556224,1.56506724378e-08,3.90470326049e-11,2.58232940809e-06,1.25128205518e-05
5.40706749094e-07,1.79834447265e-08,1.94133880639e-06,7.43040382382e-09,1.88560134371e-06,1.68312890903e-09,3.70557719348e-12,0.999993806912,6.2249720898e-07,1.17584281207e-06
5.40725300575e-12,0.999266975489,5.00455402571e-05,2.75161257306e-14,4.85453705281e-09,1.43354954803e-06,8.34484068194e-06,5.54836750601e-15,0.000673195679334,4.09157179559e-11
0.567610109537,3.46210685566e-10,4.66350730932e-10,1.02792063291e-10,1.39222623281e-05,0.431912967006,1.02435186694e-08,2.60068993204e-06,0.000436680338767,2.37090067997e-05
4.73296353669e-09,8.67490791544e-06,6.68965658089e-14,6.33617000482e-11,5.88355793681e-06,0.999692883542,1.76310443903e-09,0.000292498640087,1.90595537154e-08,3.3733065402e-08
0.00122902590249,7.85867245861e-08,1.37320852473e-13,3.35078673316e-17,0.998709639473,2.56258338502e-10,2.61649205276e-06,4.44170162858e-05,1.42222730235e-05,7.10019686115e-15
6.73931646029e-13,0.997243169913,1.09315612026e-05,2.52033441048e-05,8.64132396908e-07,5.85291119945e-07,1.59002217623e-08,2.2100742244e-08,0.00271920506788,2.68909614654e-09
1.06623060239e-07,2.10820610036e-07,6.56979770018e-09,0.000579618697551,1.23303852912e-07,6.81736332576e-05,5.25737035947e-10,3.88903888647e-09,0.988545418936,0.0108063370011
1.03649421416e-05,1.50684242363e-05,4.2430603683e-14,3.05801238164e-20,0.999835820805,2.35820875127e-10,1.29391555156e-09,4.7794795183e-06,0.000133964779816,3.95073785402e-11
0.998867276117,2.41676687393e-09,0.00105834014611,4.77511199162e-10,1.85678638515e-08,1.11362978507e-09,8.95362623146e-10,9.38004983012e-07,3.88984646214e-06,6.95324138583e-05
7.34592831372e-09,0.994239446736,6.15161576392e-08,3.78259009627e-17,0.00015629886828,9.61241812154e-13,7.62574619682e-11,3.58451000264e-06,0.00560055874115,4.22050169864e-08
1.0236153501e-05,1.96497335636e-10,3.76424354694e-14,1.04595999967e-05,6.6960891075e-09,0.999177923973,0.000267304486161,0.000534043693499,2.37364329121e-08,1.46465936105e-09
0.978686246068,5.26356271937e-10,7.87358371725e-06,3.52712729491e-09,3.77394752027e-10,1.01443450574e-11,5.5838616837e-07,1.30667880564e-07,0.00788343022857,0.013421756625
5.46175507609e-10,6.71925361536e-06,1.98325439817e-06,4.22768832214e-10,5.22032829595e-05,3.2887705485e-06,1.62793842161e-10,0.999935495162,6.63103801069e-09,3.02513500556e-07
5.98602080876e-08,1.37944673233e-07,1.00802417166e-06,3.71049415059e-07,1.2726367815e-05,1.89416738246e-12,0.996323907501,6.61886425422e-10,0.0036617885878,1.59501122833e-12
6.67223385078e-11,0.00273020247365,2.10757623971e-14,7.10688820272e-06,4.93825943013e-08,0.997039999457,4.10383584921e-10,4.07322513202e-11,5.83077458075e-09,0.000222635450286
5.10554676283e-13,4.02740006029e-09,0.993156387216,8.51173018778e-05,2.83710269424e-15,2.60800740976e-10,1.10366020645e-14,1.51159008427e-11,0.00675849053778,6.40110025712e-10
0.940485626412,7.69939050595e-10,2.96834484659e-09,3.68585866249e-07,1.84744110436e-07,2.63007819437e-05,2.01157210643e-06,5.37560803535e-08,0.0527083463413,0.00677710406876
7.98399969438e-09,6.99256569091e-12,0.85110804995,0.0899501692205,1.01601046409e-12,4.85794619369e-06,1.30829222319e-08,2.17094707962e-11,0.0589369015769,2.09380187953e-10
2.17657034907e-07,1.39896315954e-09,1.43193786692e-06,0.999983630546,2.92620607856e-16,4.27089001351e-12,2.45573729873e-07,4.62552440178e-07,1.40084823506e-05,1.84761553086e-09
1.53008186723e-12,3.94057948148e-12,8.1325086126e-07,0.999410684357,2.00540757292e-16,1.17082823987e-09,3.85755043243e-12,4.15072397605e-08,0.000499436457605,8.90232474175e-05
4.78689633946e-12,2.96884899634e-09,0.996892464815,5.7022708592e-11,2.32689760172e-15,1.68225772626e-15,5.33626433918e-10,9.70752475507e-11,9.60177935208e-05,0.00301151372975
2.41758389083e-12,1.37453437753e-07,8.57345201002e-07,0.995801155178,4.12438844618e-16,1.37470435658e-09,3.04508221177e-13,1.77411847097e-08,0.00382348801519,0.000374342889965
2.05252377832e-06,6.87206853101e-05,1.65288892616e-06,2.98448700523e-05,6.29354352001e-12,7.51993322894e-07,3.81214914284e-12,6.4501238111e-14,8.49965449066e-06,0.999888477374
2.01936043134e-05,1.27695878625e-08,0.863409565277,2.38598046442e-12,5.03194117417e-09,0.136474996427,1.4416521504e-11,9.52249526058e-05,1.92142839238e-09,1.38592591065e-20
3.8100798332e-08,2.63920292014e-08,1.24721033075e-08,0.996211959651,3.41157180464e-16,1.32120938254e-06,2.55852629867e-10,1.22156998799e-05,1.1646202747e-05,0.0037627800158
0.92636016082,5.71687756908e-11,5.12492202768e-07,4.81311618691e-10,2.70648542221e-07,4.33311220762e-05,5.28182037639e-06,2.57404641211e-08,0.00427781879398,0.0693125980241
2.03191491294e-06,8.39404988531e-07,7.12710639206e-06,1.01218049476e-06,3.33788131177e-06,1.37044185587e-13,2.48430319559e-09,5.34340033384e-06,0.999980305493,1.34495860361e-10
1.4428384643e-10,0.974514288088,1.55446791293e-06,1.88669492069e-11,7.34325762396e-07,7.79705315317e-07,2.47740982829e-07,7.90785130126e-07,0.025481404913,1.9981117196e-07
1.25357513097e-09,0.000114895008757,0.999445502202,1.00503365671e-12,2.00873061162e-11,8.64121981129e-06,4.62847987594e-09,1.58428788161e-12,0.000430923039456,3.26248096327e-08
4.37677711082e-06,1.88988401653e-08,6.64700092073e-07,0.998235525953,1.92282887484e-10,4.58579886793e-06,3.99006746653e-11,3.55128411062e-08,0.000732384574006,0.00102240755341
2.99578542715e-14,1.62247200004e-08,0.999998773089,3.79995038741e-09,8.50977611703e-14,2.25314878956e-11,9.77649823878e-18,9.31299311907e-08,9.34618410991e-07,1.79115490149e-07
1.16372614668e-09,5.98218194703e-05,3.05797860619e-06,9.21455357645e-10,2.54165683616e-08,2.90692123101e-11,3.80020433466e-07,8.71198827996e-11,0.999935336232,1.37633173377e-06
1.74309168e-05,1.55519538127e-06,4.91643070184e-13,2.06715434789e-16,0.999978279417,5.98702371104e-14,6.32656721852e-07,1.81962272952e-06,2.82190644973e-07,1.13176039121e-20
1.44473640659e-09,8.64381843291e-05,1.14542266624e-07,1.07817063167e-10,1.8812720213e-05,2.79127240738e-10,3.54792199327e-12,0.999884788887,1.35644683103e-07,9.70818660743e-06
6.98759759964e-14,6.727671203e-09,2.06091928108e-13,8.10672622113e-05,7.77605457929e-16,0.998137996881,2.94312257893e-07,1.16352677372e-13,0.00176963659597,1.09982203585e-05
0.99997336407,4.69276004154e-09,6.70066544628e-11,6.5644539478e-11,2.1521850197e-06,4.25424468249e-08,3.84100991217e-06,1.73868038209e-09,2.05936169716e-05,1.15310790755e-11
2.19474592108e-05,1.97028888907e-11,4.1385093051e-07,2.52487077294e-10,6.47325078634e-05,6.59773429729e-08,0.965875415043,4.53134500477e-09,0.0340374203578,3.99225464419e-18
1.33725065001e-09,0.000503079741076,8.91140258661e-07,0.000641643210336,1.70790841268e-07,8.77093812584e-08,6.86842330197e-09,5.57177734434e-09,0.998852683457,1.43017335045e-06
2.46559675742e-06,0.487956991498,3.41954620253e-15,1.12757656118e-08,1.50213662912e-05,7.605275638e-07,2.55416114611e-09,4.79313561818e-06,0.00117912207067,0.510840831975
5.35785075419e-11,3.6671838012e-07,0.999997074227,2.91569981467e-12,4.16938000031e-14,2.40474999076e-07,4.78791184249e-10,6.97781963708e-13,2.12444447953e-06,1.93599516792e-07
2.57692357734e-09,0.0436757535393,6.22118647081e-06,1.16165740806e-07,4.72122134423e-08,7.28489517138e-12,0.0320637837471,1.04092945055e-09,0.924253991543,8.29811326229e-08
4.55557999302e-06,7.2752882594e-08,1.96853428654e-05,4.47196478009e-06,0.000184821311407,3.45566263171e-06,0.998881226129,3.359291172e-10,0.00090171092098,3.40339100227e-23
9.28972938111e-16,0.000120302277012,5.10333985623e-09,1.47588149928e-08,2.69645546248e-09,0.999871066731,1.36067817805e-11,5.66550346779e-06,2.10821659268e-06,8.34699469079e-07
0.99998017373,3.92957923908e-10,2.29053898032e-10,2.01886349968e-13,3.9326403013e-08,1.49771277097e-08,3.60849737063e-07,2.73100910579e-10,8.75751826949e-07,1.85344692059e-05
3.51490423508e-11,0.983234451409,1.55943073707e-12,0.00613908763463,1.54013182941e-05,7.22872721473e-08,2.71939993447e-09,7.48984500164e-14,0.00879055296621,0.00182043162873
1.03696496575e-06,0.0030225454489,1.17727993237e-14,2.8371788508e-10,0.0019057214413,0.000170108700011,0.000932751239558,9.80416720102e-05,0.00535172821824,0.988518066031
1.58004624281e-07,2.73948244045e-11,4.35584697545e-11,2.02229492652e-06,1.50090731355e-09,0.000295478654719,8.80356000516e-17,1.20628004761e-12,9.03016680754e-08,0.999702249171
4.55454432409e-10,3.65940947664e-05,3.12646401798e-05,2.01304421492e-07,2.01034325189e-09,2.81133357465e-10,7.4325058523e-10,7.46340295023e-05,0.99985698465,3.17790508884e-07
8.14009103883e-12,0.989898683943,4.38461443488e-09,2.00789675429e-10,4.28985313167e-08,4.43899901001e-13,3.21809299438e-12,1.9757761449e-06,0.0100992923136,4.71103798113e-10
2.32683447339e-11,2.02378538672e-05,8.06905812895e-13,0.00094585277717,6.93802376197e-13,4.21295533704e-07,0.000228856285372,3.07156308093e-14,0.998801794089,2.83767470611e-06
1.18137157595e-07,1.96445160033e-08,5.2250640776e-07,7.26006988425e-05,1.02076407614e-05,3.66598873035e-09,0.999196690845,4.2705340977e-09,0.000719832590563,5.95684205277e-18
1.66017304489e-13,0.000587416896537,8.35331553355e-12,0.00715440050241,0.915370568739,6.04654882099e-12,8.52045744344e-05,9.90694491274e-08,0.0768023102032,4.85464738361e-21
1.38793957815e-09,5.68903707268e-05,2.39636489552e-14,8.17142236993e-11,0.999758979113,3.08900149437e-10,5.56998763721e-09,1.34108871758e-05,0.000170712280362,5.41720964839e-19
1.91644058041e-08,9.70321989654e-08,1.13655567326e-08,8.41075415309e-07,1.97323592353e-07,1.1033379215e-07,5.64092422553e-08,0.999998566261,1.01013945008e-07,2.08920513997e-11
4.124315467e-09,9.01711619888e-06,1.74198749865e-08,1.9097936884e-08,1.05987790868e-05,5.18992884528e-05,1.12497819466e-09,0.999928419021,2.35413977925e-08,4.86688929771e-10
5.46713776993e-13,0.999101761051,0.000635725301356,8.75647587554e-05,2.52562626022e-06,5.56087185973e-11,9.78263812561e-12,0.000160486617152,1.19362657477e-05,3.13587343809e-10
5.60229009188e-09,0.00587458953134,0.991126284607,3.05722099876e-15,5.12829075923e-14,1.42072341673e-06,0.002870664697,6.75082667839e-17,0.000121462870058,5.57196924369e-06
2.14437237229e-07,2.27560571699e-06,9.86701016495e-06,1.27174777422e-12,5.926703689e-07,8.74744543115e-13,5.72269691696e-07,1.60787336129e-11,0.999986371692,1.06296754935e-07
1.57863203604e-10,1.02478097527e-06,2.64725555673e-09,9.57751472382e-12,9.36597711824e-05,4.01496717859e-07,8.04219620874e-17,0.999757034851,6.09615110222e-07,0.000147266670552
1.19582731296e-09,4.09039500584e-06,8.12774246529e-09,1.03837683878e-09,2.97321390428e-06,1.56076398292e-09,0.995545226062,5.01107723079e-13,0.00444769840591,5.37698718162e-17
1.36416907615e-05,2.78733275938e-07,2.41784756524e-13,1.67803463835e-16,0.860635434712,4.43151685042e-10,1.14009653364e-05,0.139337946379,1.29707620205e-06,8.09342596642e-16
0.999453621158,1.83958874207e-10,1.91349401698e-07,6.00828780409e-10,1.92917227124e-05,3.98297639488e-06,1.25907339462e-08,1.0613723242e-06,0.000159196499927,0.000362641545904
9.47668887997e-06,8.8176794412e-09,5.80930789735e-15,1.12283078488e-16,0.999934879466,1.01703893178e-15,7.65539561858e-11,6.05539442797e-06,4.95795569262e-05,1.43119497795e-15
7.88653069522e-10,0.000243022229632,5.70319555422e-06,1.25353867598e-05,3.59837892846e-05,3.71636501664e-10,2.98027914095e-13,0.999604393106,2.48898995274e-06,9.5872141776e-05
2.54370172546e-10,9.55013453967e-10,5.04690804136e-09,2.75777874898e-06,4.40550717473e-08,1.52890123778e-10,2.23924461175e-14,0.999995554156,1.63760081419e-06,1.25012347646e-16
1.33184502333e-11,1.10241832789e-10,1.55919604278e-12,0.00871358097935,5.5031106283e-11,0.985705478227,3.21962762194e-07,1.67169324405e-09,0.00555744557374,2.31714052248e-05
1.80186535299e-06,1.37094133282e-09,1.14017577069e-06,1.05982198113e-06,8.55479948962e-07,8.55895487254e-10,4.81842098685e-10,0.999994660482,4.79431104836e-07,3.56049248224e-11
9.93165841486e-09,0.00010636315475,4.88830379342e-13,4.9531713679e-19,0.999871210813,1.27638566525e-10,2.68435947977e-08,2.238304017e-05,6.08896648526e-09,7.27128674022e-18
1.64634016053e-05,1.01470662929e-08,2.72626001443e-08,6.32650051233e-07,1.89748084368e-05,7.09416371072e-05,1.67979394721e-11,2.20429200801e-05,0.0240226090965,0.97584829806
0.999837234439,3.38634040518e-09,6.12131781899e-05,2.43144176883e-08,4.98644501079e-09,2.18505091048e-08,2.49510528031e-05,1.28168583518e-08,2.87338953118e-05,4.78000803739e-05
0.000241058325714,1.20662352743e-08,3.65461591274e-12,2.90292885925e-08,5.98032797964e-05,3.62092853153e-07,0.99926384661,5.67495648357e-11,0.000434888535555,2.26044750036e-13
5.33609310736e-06,1.53614592045e-09,3.89312699473e-06,1.8251525085e-12,1.72480092677e-07,0.998611059907,1.91846031908e-06,0.00127207573018,9.59275758657e-05,9.61508876199e-06
3.10398120472e-12,2.49485867706e-05,0.999914677759,8.34592107908e-08,1.43642952663e-12,7.27758998959e-06,8.10561979356e-13,6.9590636641e-08,2.48268134839e-05,2.8116195549e-05
5.09168567597e-07,0.999428139306,2.23637868915e-09,1.06630021084e-14,2.26209874155e-07,0.000219801583672,1.85764713468e-07,4.10154516377e-06,0.000346971087382,6.30981232902e-08
1.31391800329e-08,2.63196400758e-06,1.29648356936e-06,0.0431101687582,5.55594853431e-12,3.10196600968e-05,6.5890133989e-07,3.96960007117e-08,9.18736928451e-05,0.956762297699
9.39504863888e-12,1.86537208531e-08,1.39664371805e-07,0.995555343222,1.15078307456e-12,1.95513020985e-07,2.02391002369e-09,7.47085722514e-08,0.00434628092242,9.79452813519e-05
1.60361653541e-10,6.63505227729e-09,7.48810281114e-09,2.61277373355e-08,1.05759532796e-07,0.999443927744,8.88987928629e-09,1.47808871522e-09,0.000555872208726,4.3508120577e-08
5.24981117063e-09,0.000780873734666,4.51966797412e-08,5.66322887029e-11,1.07698329685e-05,0.000682692060303,5.37992472726e-10,0.00384463018611,0.0310989588464,0.963582024298
0.999083068963,3.20486350185e-12,3.87283199921e-05,5.17169041188e-09,2.21505043216e-08,0.000619366013746,1.69328617332e-09,2.81681443302e-08,0.000218591015812,4.01885003063e-05
0.999369155961,6.40580765561e-10,1.95368043974e-07,7.59515341236e-10,1.04702570625e-07,2.3232036729e-05,6.9709558284e-06,1.29136820723e-11,7.30397855027e-06,0.000593035584084
2.32593970615e-08,0.0371370423082,0.00638267028149,2.163148832e-09,1.83712905962e-06,3.22374543423e-07,1.09297465685e-07,1.62045091895e-10,0.954229681156,0.00224831186884
6.98032508478e-06,2.36717587599e-09,1.80553678801e-08,1.33631047381e-07,1.93140854871e-06,2.79405546521e-08,0.953326672731,4.22329034203e-12,0.046664233537,1.19096487193e-15
1.6077330492e-07,3.76021808075e-09,4.15662787759e-08,1.51435765689e-05,6.38616810691e-10,5.97729456939e-08,1.16033900435e-12,1.32082786302e-08,0.000141377245864,0.999843199457
6.5011563206e-08,3.39295349611e-11,6.59566150867e-11,2.16882185533e-05,2.8098372377e-07,1.69420624653e-05,1.29912297827e-12,0.991527927212,3.31075715422e-06,0.00842978565333
3.78796975904e-12,3.8400734598e-10,4.94232800373e-09,0.998217165606,4.04916732977e-15,0.000310997392548,5.302267843e-12,2.28358854132e-09,5.55072552983e-08,0.00147177387526
5.58876761125e-06,2.16980843906e-05,1.00046421163e-11,2.1458936763e-05,4.91555563318e-09,0.999339357971,5.18791969379e-08,2.99851872455e-09,7.83361335029e-05,0.000533500303826
4.97124148655e-10,1.15055126292e-07,2.7805443831e-12,1.56460896533e-09,8.82928515097e-06,0.000187984168116,3.88926688818e-10,0.999803013227,5.58052403939e-08,5.86923749023e-12
7.94167524197e-11,6.15279035356e-06,2.17725957464e-06,1.06035186919e-06,7.5647929384e-07,1.09639113266e-05,0.000356719195885,1.46291771603e-12,0.999622146336,2.35950752168e-08
2.27870109525e-13,7.94013897911e-05,0.995582547403,2.60876690478e-07,7.99126844902e-10,9.92276256435e-08,3.01888116218e-07,2.06568380555e-18,0.00433738841498,3.67272907947e-15
3.06793125737e-10,3.2794672324e-06,1.77671126318e-09,3.96585146301e-10,5.62756411906e-09,1.25334593431e-08,0.999996693965,8.563935878e-10,5.04876066123e-09,2.18400912766e-11
9.10132513872e-06,2.36558484171e-08,5.95045456057e-14,0.000634019958675,1.54904766622e-12,0.999044892439,9.56978620642e-05,3.89336330577e-07,0.000212949998721,2.92542249612e-06
2.57088665275e-12,0.778781052443,0.217941996075,2.9595582746e-12,3.54908333232e-06,2.56796025616e-24,9.2787105902e-14,2.74091392749e-06,0.00327066147823,5.60414248427e-13
2.65432451797e-08,0.999938943018,6.45142840545e-13,2.22161810126e-06,3.32781396082e-07,2.11052795101e-09,5.5260199963e-12,1.70701630936e-10,2.0841383329e-05,3.76323683098e-05
6.11538483098e-10,1.06183676538e-05,5.5826744448e-06,2.20588434605e-07,9.19890721322e-08,1.06994447502e-07,3.51890487166e-12,0.999982895746,3.91162962617e-07,9.18621658948e-08
6.51010150592e-06,3.51585162354e-06,3.18020122737e-09,1.45209201503e-05,1.35827782166e-09,7.54352366816e-09,3.4305021564e-09,1.24638332543e-12,0.161419582534,0.838555855079
7.04765058024e-15,0.961928726241,0.000115098581841,0.0379499415921,1.32802386156e-13,1.20832763807e-11,3.82911344697e-12,3.26130064752e-17,1.14894709665e-07,6.11867405955e-06
5.37145155624e-05,2.88204591504e-10,0.00259265537177,6.63140549571e-10,3.83615737785e-08,0.995671265707,7.08512333415e-08,0.000979043354804,0.000702924189475,2.8669674848e-07
0.995880747664,1.59122394731e-12,3.81738112379e-08,0.000320236775841,3.53532730925e-10,0.000176863688252,9.51343588464e-07,3.75887568077e-07,0.0036207579938,2.81178651573e-08
9.9169937462e-07,4.69017536237e-12,4.15098018576e-08,0.00098491295503,6.53919633158e-11,3.67176764842e-11,1.97213225014e-10,1.93051482552e-09,0.0196225741981,0.979391477403
1.84923182344e-12,4.4072450581e-06,0.999985819456,7.60034383873e-06,8.56883591634e-12,1.55813425929e-08,3.40105895596e-19,2.79983476973e-12,2.15729051676e-06,7.04645485147e-11
0.99999822584,4.04111163682e-12,7.70201001923e-07,9.64235671037e-10,3.76836334559e-08,3.09700578534e-09,1.05857640783e-08,7.30395320519e-11,9.15228632074e-07,3.6322584252e-08
4.49875573769e-11,2.3857493374e-05,5.78129637658e-06,9.16517414779e-15,0.0877813179435,1.40093908743e-06,7.29505859865e-12,0.91213415786,1.68516603318e-06,5.17992490571e-05
3.77615518093e-09,7.18446736065e-13,2.32250377806e-09,6.1731736003e-16,0.99975135795,6.90369349331e-11,0.000131953243907,7.66758507032e-11,0.000116682561039,6.67328402743e-22
4.48238418389e-06,2.127085324e-10,1.80769963133e-13,6.10902714253e-07,2.49718473189e-10,0.999881752937,0.000100223479522,1.34870162955e-09,3.53458485514e-07,1.25750267555e-05
1.28819679828e-12,1.47909764208e-08,3.67163156028e-10,0.955224161707,6.33895174734e-15,0.044749168591,2.12663346249e-12,6.70229288111e-08,1.23236661314e-07,2.64642807981e-05
4.84264001376e-10,1.95400675926e-08,0.99607423317,0.00019239263381,2.40311172262e-17,7.61210743428e-09,8.68590071411e-07,2.3389358862e-11,0.00373247277857,5.16798345718e-09
6.82538076417e-06,2.69004278546e-06,2.17152673699e-11,3.47669404841e-11,1.63221880011e-05,0.00014781940423,0.999680235037,1.13835709665e-11,0.000146107867832,1.1111983759e-11
0.000102331518432,9.19037852967e-08,1.46895971233e-11,4.50521686697e-08,1.40861169309e-06,1.11241159748e-05,0.999599795578,4.11750749868e-12,0.000285199709018,3.49213471959e-09
5.69497795323e-13,0.999876361767,4.19813403219e-05,2.22592078801e-06,4.19181432562e-07,1.51658257928e-09,6.54277859642e-10,9.0007642413e-06,7.00079968724e-05,8.58382192633e-10
4.17988067977e-11,1.63223224339e-05,3.56349990172e-07,5.10185299498e-15,7.43209588837e-07,2.88431782593e-09,4.91915566587e-14,0.998875550381,9.9343601346e-05,0.00100768120955
2.54512678338e-11,5.9419799626e-06,3.51296633669e-11,7.03558709391e-13,0.118833814221,5.49081031836e-10,9.20205345321e-09,0.881160232152,1.83451195291e-09,6.41289948215e-13
5.04168779028e-11,0.998905370927,1.65405722532e-07,2.00452184293e-10,4.07175478382e-06,6.67663108871e-08,2.19888948805e-07,5.13717377824e-06,0.00108496593202,1.90066504468e-09
5.01669082226e-08,0.000450763531631,1.4347398607e-05,0.00332857303767,4.09532985157e-09,3.25167563595e-10,9.94670064303e-11,1.15974840579e-08,0.996205818701,4.3104635254e-07
0.000130562950494,7.2703099456e-06,2.77342311323e-09,4.26225450047e-16,0.000283680846928,0.99900834943,9.88093684125e-05,5.17648503295e-05,0.000419559189789,2.81053648482e-10
0.999923886808,3.04255723942e-05,7.90382294579e-07,7.63783785203e-17,2.86240087617e-08,3.31516629779e-07,4.19239595884e-05,1.16841652995e-06,1.33198948486e-06,1.12730964779e-07
1.12802060113e-05,1.19732136438e-07,2.07642920028e-08,1.09907929297e-06,5.83725841307e-08,5.10232418175e-09,0.999792675368,4.85973171448e-07,0.000194161677473,9.37250514503e-08
5.89462296635e-11,0.00092242976391,2.56590663106e-18,2.95894121078e-09,0.998196587967,3.29925874188e-09,1.96658328913e-08,0.000880652654152,3.03631967511e-07,1.26716240094e-15
0.000106721322846,3.01157409467e-05,3.09904528293e-12,4.44086143048e-13,9.06010147692e-07,0.324967932197,0.674893469166,2.36615997752e-12,8.54893803676e-07,6.63020489641e-10
1.33978416241e-07,2.84054977899e-08,4.52105212576e-12,9.33030555343e-11,5.08826585783e-06,6.4153654003e-07,0.991453420044,6.53793845522e-12,0.00854068766549,2.55415367233e-14
1.76430761654e-11,2.45903023576e-08,0.987691839836,0.0119818517,5.28219222155e-16,5.75022550778e-08,1.92727403411e-09,6.73183326191e-06,0.00030202199975,1.74705935856e-05
1.70236182001e-12,0.0993552594721,0.894018108741,8.77011085941e-10,1.72767836763e-10,7.90190583576e-07,2.45188592444e-07,9.9115649925e-16,0.00662558800987,7.34607898913e-09
3.8521462023e-09,0.00149161784951,9.03481331106e-08,3.07148503717e-09,0.00687396845135,3.10100925473e-07,1.06453742329e-13,0.242926375307,0.0267923625061,0.721915268514
6.14132099603e-09,0.0013951621314,2.94284732599e-16,2.33278915266e-08,9.64411965749e-08,0.997606918336,5.61381763887e-07,1.576627845e-11,0.000403014206017,0.000594218018543
1.81065473176e-11,0.000201701635212,2.00966553044e-09,9.34317251049e-15,2.56498316337e-05,1.72699253633e-08,5.69008468489e-12,0.99919838781,2.72924396292e-05,0.000546948979826
