c0_v3_stage1_stack,c1_v3_stage1_stack,c2_v3_stage1_stack,c3_v3_stage1_stack,c4_v3_stage1_stack,c5_v3_stage1_stack,c6_v3_stage1_stack,c7_v3_stage1_stack,c8_v3_stage1_stack,c9_v3_stage1_stack
0.002,0.174,0.004,0.0,0.764,0.004,0.018,0.028,0.006,0.0
0.984,0.0,0.002,0.004,0.0,0.0,0.0,0.0,0.002,0.008
1.0,0.0,0.0,0.0,0.0,0.0,0.0,0.0,0.0,0.0
0.0,0.026,0.054,0.886,0.0,0.0,0.0,0.0,0.006,0.028
0.002,0.006,0.004,0.056,0.006,0.82,0.014,0.006,0.014,0.072
0.014,0.016,0.072,0.61,0.004,0.036,0.022,0.002,0.082,0.142
0.0,0.042,0.044,0.03,0.006,0.014,0.018,0.014,0.816,0.016
0.104,0.01,0.008,0.006,0.006,0.752,0.024,0.006,0.024,0.06
0.094,0.018,0.002,0.018,0.094,0.308,0.032,0.088,0.042,0.304
0.01,0.016,0.11,0.038,0.008,0.012,0.042,0.022,0.702,0.04
0.006,0.076,0.798,0.024,0.002,0.012,0.032,0.006,0.038,0.006
0.012,0.016,0.066,0.026,0.014,0.032,0.024,0.05,0.684,0.076
0.0,0.0,0.974,0.02,0.0,0.0,0.0,0.0,0.006,0.0
0.0,0.0,0.0,0.006,0.01,0.002,0.0,0.948,0.016,0.018
0.998,0.0,0.0,0.0,0.0,0.0,0.0,0.0,0.0,0.002
0.002,0.204,0.506,0.076,0.01,0.066,0.03,0.004,0.062,0.04
0.0,0.004,0.0,0.972,0.0,0.018,0.0,0.0,0.0,0.006
0.002,0.008,0.002,0.0,0.006,0.006,0.972,0.0,0.002,0.002
0.026,0.022,0.0,0.004,0.786,0.038,0.028,0.056,0.018,0.022
0.002,0.006,0.002,0.0,0.958,0.006,0.014,0.002,0.01,0.0
0.936,0.004,0.002,0.002,0.006,0.016,0.004,0.004,0.01,0.016
0.012,0.046,0.72,0.04,0.01,0.012,0.002,0.012,0.126,0.02
0.002,0.55,0.04,0.004,0.14,0.068,0.056,0.03,0.11,0.0
0.0,0.0,0.006,0.006,0.006,0.002,0.976,0.0,0.004,0.0
0.014,0.024,0.002,0.012,0.094,0.012,0.01,0.81,0.018,0.004
0.008,0.038,0.11,0.02,0.008,0.014,0.06,0.002,0.716,0.024
0.008,0.006,0.0,0.0,0.01,0.024,0.938,0.002,0.012,0.0
0.004,0.018,0.046,0.762,0.006,0.03,0.004,0.02,0.062,0.048
0.0,0.13,0.688,0.022,0.002,0.018,0.054,0.0,0.078,0.008
0.006,0.106,0.212,0.146,0.03,0.066,0.046,0.082,0.23,0.076
0.006,0.112,0.06,0.064,0.032,0.01,0.026,0.04,0.63,0.02
0.01,0.006,0.006,0.062,0.016,0.706,0.072,0.004,0.036,0.082
0.002,0.0,0.004,0.008,0.006,0.012,0.0,0.95,0.006,0.012
0.0,0.008,0.936,0.046,0.0,0.0,0.0,0.0,0.008,0.002
0.008,0.036,0.066,0.036,0.044,0.04,0.048,0.072,0.598,0.052
0.004,0.016,0.02,0.016,0.044,0.058,0.0,0.238,0.13,0.474
0.0,0.004,0.004,0.868,0.0,0.022,0.002,0.0,0.018,0.082
0.008,0.006,0.036,0.796,0.0,0.016,0.0,0.0,0.004,0.134
0.002,0.002,0.006,0.016,0.006,0.928,0.002,0.006,0.022,0.01
0.0,0.556,0.028,0.018,0.006,0.01,0.316,0.01,0.05,0.006
0.0,0.006,0.006,0.012,0.0,0.008,0.0,0.004,0.004,0.96
0.0,0.004,0.02,0.964,0.0,0.0,0.0,0.0,0.008,0.004
0.01,0.152,0.064,0.068,0.024,0.002,0.048,0.012,0.58,0.04
0.002,0.0,0.0,0.0,0.99,0.002,0.002,0.0,0.002,0.002
0.99,0.0,0.002,0.0,0.0,0.002,0.0,0.0,0.002,0.004
0.008,0.024,0.014,0.022,0.082,0.016,0.006,0.204,0.166,0.458
0.038,0.042,0.008,0.002,0.072,0.148,0.628,0.01,0.048,0.004
0.002,0.522,0.056,0.014,0.038,0.012,0.042,0.014,0.294,0.006
0.0,0.026,0.012,0.086,0.0,0.734,0.006,0.008,0.07,0.058
0.904,0.0,0.002,0.002,0.018,0.048,0.016,0.006,0.002,0.002
0.0,0.002,0.05,0.818,0.002,0.012,0.0,0.004,0.068,0.044
0.008,0.004,0.004,0.0,0.964,0.0,0.016,0.0,0.0,0.004
0.002,0.0,0.002,0.96,0.0,0.0,0.0,0.004,0.008,0.024
0.0,0.0,0.006,0.0,0.002,0.0,0.988,0.0,0.004,0.0
0.002,0.666,0.022,0.004,0.022,0.104,0.06,0.028,0.09,0.002
0.0,0.006,0.976,0.012,0.0,0.0,0.002,0.0,0.002,0.002
0.016,0.062,0.006,0.052,0.202,0.064,0.006,0.384,0.058,0.15
0.0,0.004,0.006,0.002,0.006,0.01,0.962,0.0,0.01,0.0
0.098,0.08,0.06,0.032,0.122,0.108,0.01,0.186,0.06,0.244
0.002,0.794,0.018,0.016,0.016,0.01,0.004,0.016,0.112,0.012
0.0,0.006,0.006,0.002,0.016,0.002,0.954,0.002,0.01,0.002
0.026,0.532,0.024,0.01,0.108,0.044,0.058,0.034,0.152,0.012
0.0,0.83,0.02,0.03,0.008,0.006,0.004,0.028,0.064,0.01
0.046,0.032,0.024,0.03,0.576,0.028,0.04,0.154,0.052,0.018
0.0,0.0,0.956,0.018,0.002,0.002,0.0,0.002,0.014,0.006
0.0,0.012,0.044,0.858,0.0,0.008,0.0,0.0,0.026,0.052
0.0,0.0,0.012,0.958,0.0,0.002,0.0,0.0,0.01,0.018
0.0,0.754,0.098,0.03,0.0,0.01,0.018,0.004,0.086,0.0
0.0,0.868,0.052,0.006,0.004,0.028,0.01,0.0,0.014,0.018
0.02,0.034,0.066,0.14,0.018,0.05,0.026,0.032,0.172,0.442
0.002,0.012,0.938,0.03,0.0,0.002,0.002,0.004,0.004,0.006
0.0,0.918,0.012,0.016,0.002,0.004,0.002,0.008,0.032,0.006
0.006,0.016,0.018,0.034,0.068,0.036,0.0,0.246,0.106,0.47
0.004,0.256,0.068,0.034,0.098,0.008,0.448,0.002,0.078,0.004
0.006,0.002,0.106,0.79,0.004,0.02,0.004,0.004,0.012,0.052
0.652,0.016,0.004,0.004,0.132,0.01,0.126,0.01,0.03,0.016
0.0,0.0,0.0,0.0,0.002,0.988,0.0,0.002,0.006,0.002
0.002,0.038,0.012,0.054,0.008,0.666,0.146,0.002,0.024,0.048
0.988,0.0,0.0,0.0,0.004,0.002,0.002,0.0,0.002,0.002
0.008,0.02,0.018,0.03,0.004,0.736,0.04,0.006,0.116,0.022
0.008,0.024,0.02,0.022,0.02,0.024,0.018,0.01,0.834,0.02
0.0,0.048,0.028,0.06,0.002,0.73,0.004,0.048,0.044,0.036
0.112,0.012,0.012,0.056,0.026,0.112,0.014,0.056,0.126,0.474
0.002,0.014,0.018,0.106,0.012,0.054,0.008,0.06,0.632,0.094
0.002,0.082,0.102,0.252,0.006,0.376,0.034,0.002,0.07,0.074
0.0,0.006,0.122,0.044,0.004,0.004,0.012,0.014,0.758,0.036
0.002,0.098,0.004,0.004,0.038,0.032,0.008,0.014,0.052,0.748
0.004,0.37,0.194,0.07,0.024,0.008,0.01,0.026,0.286,0.008
0.006,0.82,0.002,0.012,0.042,0.014,0.006,0.004,0.036,0.058
0.002,0.002,0.0,0.0,0.006,0.0,0.974,0.0,0.016,0.0
0.896,0.002,0.002,0.002,0.012,0.016,0.046,0.002,0.016,0.006
0.012,0.028,0.006,0.002,0.05,0.0,0.856,0.002,0.038,0.006
0.002,0.83,0.002,0.006,0.122,0.01,0.014,0.006,0.006,0.002
0.006,0.022,0.014,0.824,0.008,0.024,0.0,0.062,0.02,0.02
0.004,0.02,0.016,0.0,0.018,0.008,0.904,0.0,0.028,0.002
0.002,0.078,0.632,0.056,0.006,0.012,0.03,0.016,0.158,0.01
0.002,0.008,0.028,0.754,0.0,0.012,0.004,0.002,0.076,0.114
0.028,0.002,0.006,0.002,0.9,0.016,0.04,0.006,0.0,0.0
0.01,0.03,0.762,0.058,0.006,0.008,0.02,0.01,0.086,0.01
0.002,0.024,0.87,0.024,0.0,0.032,0.012,0.002,0.024,0.01
0.0,0.002,0.0,0.0,0.02,0.002,0.97,0.004,0.002,0.0
0.006,0.118,0.216,0.11,0.018,0.144,0.188,0.014,0.134,0.052
0.072,0.024,0.376,0.17,0.012,0.058,0.036,0.018,0.162,0.072
0.992,0.0,0.004,0.0,0.002,0.0,0.0,0.0,0.0,0.002
0.0,0.0,0.0,0.002,0.006,0.002,0.99,0.0,0.0,0.0
0.002,0.024,0.002,0.006,0.014,0.9,0.0,0.014,0.02,0.018
0.118,0.004,0.014,0.0,0.74,0.006,0.096,0.01,0.002,0.01
0.0,0.004,0.0,0.002,0.934,0.018,0.006,0.006,0.02,0.01
0.002,0.002,0.012,0.014,0.002,0.03,0.908,0.0,0.016,0.014
0.006,0.008,0.012,0.034,0.064,0.002,0.006,0.806,0.03,0.032
0.01,0.016,0.004,0.016,0.124,0.044,0.002,0.272,0.116,0.396
0.0,0.002,0.0,0.0,0.99,0.002,0.0,0.002,0.0,0.004
0.95,0.0,0.008,0.002,0.002,0.018,0.0,0.004,0.004,0.012
0.01,0.018,0.004,0.014,0.032,0.018,0.012,0.832,0.042,0.018
0.002,0.034,0.708,0.066,0.008,0.016,0.024,0.028,0.096,0.018
0.006,0.076,0.022,0.104,0.008,0.056,0.01,0.006,0.658,0.054
0.042,0.194,0.01,0.002,0.574,0.01,0.018,0.09,0.032,0.028
0.056,0.076,0.0,0.006,0.662,0.004,0.0,0.13,0.034,0.032
0.96,0.006,0.004,0.002,0.0,0.004,0.004,0.0,0.008,0.012
0.0,0.008,0.012,0.016,0.056,0.006,0.004,0.872,0.018,0.008
0.0,0.016,0.008,0.01,0.012,0.898,0.002,0.012,0.02,0.022
0.026,0.042,0.008,0.012,0.194,0.038,0.018,0.626,0.03,0.006
0.024,0.06,0.118,0.116,0.006,0.034,0.02,0.104,0.482,0.036
0.006,0.002,0.0,0.0,0.008,0.004,0.978,0.0,0.002,0.0
0.002,0.006,0.01,0.888,0.0,0.006,0.0,0.004,0.01,0.074
0.0,0.006,0.024,0.96,0.0,0.002,0.0,0.0,0.004,0.004
1.0,0.0,0.0,0.0,0.0,0.0,0.0,0.0,0.0,0.0
0.006,0.0,0.002,0.0,0.004,0.012,0.956,0.0,0.016,0.004
0.0,0.872,0.03,0.012,0.018,0.002,0.038,0.006,0.018,0.004
0.01,0.124,0.042,0.084,0.056,0.052,0.458,0.018,0.12,0.036
0.002,0.012,0.024,0.832,0.0,0.028,0.0,0.006,0.02,0.076
0.002,0.008,0.0,0.0,0.024,0.004,0.956,0.002,0.002,0.002
0.0,0.028,0.012,0.908,0.006,0.004,0.002,0.002,0.004,0.034
0.002,0.004,0.0,0.002,0.004,0.012,0.974,0.0,0.002,0.0
0.012,0.004,0.002,0.002,0.04,0.004,0.898,0.002,0.024,0.012
0.002,0.018,0.016,0.006,0.03,0.0,0.006,0.888,0.026,0.008
0.018,0.0,0.0,0.0,0.018,0.006,0.938,0.006,0.008,0.006
0.024,0.006,0.0,0.022,0.012,0.672,0.026,0.004,0.02,0.214
0.002,0.046,0.006,0.02,0.074,0.074,0.0,0.178,0.026,0.574
0.0,0.008,0.956,0.006,0.0,0.014,0.004,0.002,0.002,0.008
0.002,0.01,0.746,0.154,0.0,0.004,0.002,0.002,0.072,0.008
0.002,0.936,0.006,0.0,0.004,0.0,0.004,0.012,0.036,0.0
0.002,0.008,0.004,0.008,0.0,0.014,0.006,0.002,0.004,0.952
0.002,0.012,0.0,0.024,0.026,0.004,0.0,0.9,0.008,0.024
0.002,0.008,0.004,0.016,0.0,0.028,0.0,0.008,0.02,0.914
0.006,0.004,0.002,0.008,0.068,0.024,0.888,0.0,0.0,0.0
0.012,0.018,0.018,0.05,0.092,0.022,0.006,0.754,0.028,0.0
0.152,0.052,0.044,0.02,0.126,0.124,0.018,0.206,0.03,0.228
0.002,0.064,0.046,0.462,0.008,0.108,0.002,0.166,0.116,0.026
0.964,0.004,0.004,0.0,0.014,0.002,0.008,0.002,0.002,0.0
0.008,0.13,0.058,0.024,0.014,0.0,0.05,0.01,0.682,0.024
0.976,0.0,0.0,0.002,0.002,0.008,0.0,0.0,0.004,0.008
0.002,0.058,0.176,0.456,0.006,0.088,0.054,0.028,0.084,0.048
0.018,0.204,0.014,0.018,0.074,0.09,0.028,0.012,0.148,0.394
0.018,0.038,0.018,0.014,0.01,0.01,0.858,0.0,0.028,0.006
0.004,0.024,0.034,0.09,0.014,0.016,0.0,0.674,0.042,0.102
0.006,0.024,0.002,0.01,0.01,0.868,0.01,0.014,0.036,0.02
0.0,0.008,0.844,0.068,0.002,0.0,0.002,0.004,0.066,0.006
0.0,0.24,0.07,0.052,0.018,0.006,0.064,0.006,0.53,0.014
0.002,0.044,0.032,0.126,0.008,0.058,0.0,0.024,0.174,0.532
0.014,0.22,0.01,0.008,0.07,0.07,0.516,0.004,0.076,0.012
0.008,0.014,0.094,0.732,0.0,0.02,0.0,0.038,0.042,0.052
0.01,0.046,0.016,0.014,0.004,0.002,0.01,0.016,0.858,0.024
0.0,0.852,0.014,0.002,0.018,0.042,0.038,0.008,0.02,0.006
0.0,0.008,0.06,0.868,0.002,0.008,0.0,0.002,0.026,0.026
0.0,0.726,0.062,0.088,0.006,0.006,0.03,0.0,0.044,0.038
0.004,0.032,0.014,0.124,0.014,0.106,0.006,0.012,0.432,0.256
0.018,0.108,0.03,0.056,0.324,0.038,0.08,0.22,0.086,0.04
0.002,0.73,0.028,0.04,0.004,0.01,0.002,0.024,0.154,0.006
0.004,0.736,0.058,0.024,0.022,0.036,0.012,0.014,0.054,0.04
0.002,0.008,0.016,0.116,0.008,0.688,0.02,0.002,0.02,0.12
0.004,0.106,0.002,0.016,0.722,0.008,0.114,0.014,0.012,0.002
0.004,0.06,0.022,0.03,0.022,0.01,0.788,0.006,0.044,0.014
0.004,0.01,0.002,0.0,0.958,0.01,0.008,0.004,0.002,0.002
0.0,0.016,0.034,0.862,0.004,0.008,0.004,0.016,0.028,0.028
0.104,0.034,0.054,0.068,0.21,0.038,0.01,0.416,0.048,0.018
0.128,0.096,0.014,0.02,0.192,0.098,0.134,0.052,0.254,0.012
0.986,0.0,0.0,0.002,0.0,0.0,0.0,0.0,0.002,0.01
0.004,0.008,0.01,0.01,0.078,0.042,0.846,0.0,0.002,0.0
0.0,0.172,0.558,0.05,0.016,0.07,0.014,0.038,0.076,0.006
0.0,0.028,0.888,0.026,0.0,0.016,0.014,0.01,0.014,0.004
0.052,0.068,0.004,0.018,0.702,0.008,0.044,0.034,0.034,0.036
0.992,0.0,0.0,0.002,0.0,0.002,0.004,0.0,0.0,0.0
0.048,0.008,0.002,0.008,0.864,0.0,0.014,0.03,0.018,0.008
0.0,0.004,0.0,0.0,0.004,0.984,0.002,0.002,0.0,0.004
0.016,0.004,0.008,0.086,0.002,0.038,0.0,0.0,0.018,0.828
0.0,0.008,0.006,0.002,0.014,0.002,0.96,0.0,0.004,0.004
0.004,0.038,0.004,0.01,0.082,0.058,0.006,0.064,0.084,0.65
0.0,0.856,0.054,0.016,0.004,0.018,0.018,0.004,0.03,0.0
0.0,0.004,0.004,0.976,0.0,0.002,0.002,0.0,0.006,0.006
0.002,0.002,0.048,0.842,0.0,0.02,0.0,0.004,0.01,0.072
0.39,0.046,0.028,0.014,0.204,0.08,0.076,0.062,0.058,0.042
0.0,0.004,0.008,0.0,0.02,0.918,0.0,0.024,0.01,0.016
0.0,0.78,0.01,0.054,0.014,0.01,0.01,0.006,0.038,0.078
0.022,0.304,0.02,0.0,0.084,0.044,0.466,0.006,0.05,0.004
0.0,0.0,0.0,0.0,0.0,0.0,0.998,0.0,0.002,0.0
0.002,0.012,0.05,0.786,0.0,0.042,0.002,0.006,0.02,0.08
0.01,0.032,0.014,0.086,0.002,0.62,0.0,0.028,0.062,0.146
0.018,0.098,0.042,0.082,0.05,0.412,0.01,0.084,0.132,0.072
0.898,0.0,0.002,0.002,0.018,0.05,0.018,0.004,0.002,0.006
1.0,0.0,0.0,0.0,0.0,0.0,0.0,0.0,0.0,0.0
0.006,0.034,0.004,0.046,0.064,0.502,0.148,0.022,0.088,0.086
0.004,0.006,0.03,0.092,0.05,0.12,0.002,0.186,0.47,0.04
0.02,0.036,0.036,0.032,0.07,0.02,0.008,0.692,0.042,0.044
0.0,0.01,0.006,0.098,0.002,0.76,0.018,0.0,0.008,0.098
0.0,0.012,0.006,0.002,0.01,0.918,0.002,0.016,0.032,0.002
0.022,0.0,0.002,0.014,0.0,0.034,0.0,0.004,0.016,0.908
0.004,0.004,0.0,0.002,0.986,0.0,0.0,0.0,0.0,0.004
0.002,0.012,0.752,0.1,0.01,0.004,0.008,0.004,0.096,0.012
0.0,0.01,0.962,0.016,0.0,0.006,0.002,0.0,0.002,0.002
0.002,0.022,0.006,0.0,0.008,0.0,0.0,0.958,0.002,0.002
0.004,0.02,0.71,0.08,0.0,0.016,0.008,0.022,0.12,0.02
0.002,0.01,0.0,0.0,0.918,0.024,0.04,0.002,0.002,0.002
0.018,0.212,0.002,0.008,0.042,0.03,0.006,0.014,0.03,0.638
0.872,0.002,0.016,0.004,0.012,0.022,0.01,0.038,0.022,0.002
0.01,0.042,0.034,0.134,0.006,0.008,0.01,0.032,0.65,0.074
0.0,0.05,0.886,0.02,0.002,0.016,0.008,0.008,0.01,0.0
0.0,0.0,0.0,0.03,0.018,0.002,0.0,0.906,0.016,0.028
0.124,0.01,0.008,0.004,0.764,0.008,0.06,0.01,0.01,0.002
0.018,0.098,0.214,0.212,0.014,0.028,0.004,0.07,0.308,0.034
0.002,0.006,0.018,0.106,0.004,0.04,0.004,0.006,0.022,0.792
0.0,0.098,0.128,0.08,0.024,0.02,0.006,0.024,0.606,0.014
0.754,0.006,0.02,0.016,0.02,0.03,0.066,0.006,0.018,0.064
0.002,0.842,0.024,0.034,0.004,0.014,0.01,0.004,0.028,0.038
0.02,0.01,0.01,0.206,0.016,0.072,0.036,0.024,0.104,0.502
0.054,0.012,0.04,0.544,0.008,0.038,0.026,0.022,0.092,0.164
0.0,0.0,0.0,0.0,0.002,0.004,0.986,0.0,0.004,0.004
0.95,0.0,0.004,0.002,0.01,0.01,0.004,0.0,0.004,0.016
0.026,0.002,0.0,0.0,0.936,0.004,0.026,0.002,0.004,0.0
0.012,0.07,0.02,0.094,0.032,0.364,0.014,0.054,0.148,0.192
0.008,0.036,0.004,0.004,0.83,0.008,0.01,0.054,0.042,0.004
0.002,0.002,0.0,0.014,0.0,0.938,0.0,0.008,0.018,0.018
0.002,0.008,0.034,0.114,0.026,0.12,0.0,0.028,0.4,0.268
0.026,0.006,0.032,0.03,0.002,0.058,0.0,0.0,0.014,0.832
0.012,0.702,0.008,0.014,0.052,0.016,0.01,0.044,0.11,0.032
0.94,0.004,0.0,0.006,0.012,0.008,0.006,0.0,0.006,0.018
0.006,0.082,0.006,0.006,0.698,0.03,0.132,0.0,0.038,0.002
0.0,0.006,0.976,0.012,0.0,0.0,0.0,0.002,0.004,0.0
0.028,0.0,0.006,0.034,0.002,0.122,0.0,0.002,0.02,0.786
0.006,0.028,0.466,0.306,0.0,0.02,0.002,0.036,0.072,0.064
0.0,0.016,0.912,0.052,0.002,0.004,0.002,0.0,0.008,0.004
0.024,0.306,0.266,0.04,0.05,0.018,0.024,0.058,0.196,0.018
0.02,0.026,0.004,0.002,0.558,0.03,0.014,0.312,0.026,0.008
0.0,0.002,0.006,0.006,0.008,0.924,0.006,0.016,0.012,0.02
0.002,0.004,0.012,0.002,0.004,0.924,0.004,0.01,0.032,0.006
0.002,0.002,0.002,0.97,0.0,0.006,0.0,0.0,0.002,0.016
0.01,0.018,0.022,0.04,0.004,0.712,0.026,0.0,0.012,0.156
0.014,0.02,0.01,0.002,0.806,0.008,0.09,0.02,0.024,0.006
0.026,0.012,0.002,0.002,0.776,0.028,0.018,0.098,0.02,0.018
0.01,0.894,0.018,0.012,0.022,0.0,0.002,0.01,0.024,0.008
0.01,0.0,0.004,0.0,0.016,0.0,0.964,0.0,0.002,0.004
0.066,0.022,0.032,0.058,0.032,0.124,0.026,0.098,0.492,0.05
0.03,0.03,0.028,0.09,0.014,0.014,0.028,0.042,0.628,0.096
0.0,0.014,0.95,0.002,0.0,0.012,0.006,0.002,0.014,0.0
0.002,0.006,0.002,0.004,0.968,0.0,0.002,0.006,0.01,0.0
0.006,0.652,0.01,0.006,0.146,0.048,0.082,0.032,0.016,0.002
0.0,0.008,0.022,0.914,0.0,0.006,0.002,0.002,0.014,0.032
0.018,0.024,0.012,0.044,0.11,0.022,0.012,0.62,0.064,0.074
0.008,0.002,0.004,0.004,0.922,0.01,0.008,0.024,0.008,0.01
0.002,0.038,0.054,0.708,0.004,0.096,0.012,0.014,0.032,0.04
0.012,0.022,0.014,0.024,0.108,0.048,0.004,0.578,0.084,0.106
0.0,0.836,0.038,0.026,0.004,0.032,0.016,0.0,0.02,0.028
0.004,0.022,0.016,0.014,0.058,0.026,0.004,0.782,0.024,0.05
0.002,0.134,0.62,0.022,0.01,0.058,0.016,0.004,0.086,0.048
0.0,0.054,0.074,0.066,0.006,0.712,0.004,0.006,0.074,0.004
0.002,0.0,0.978,0.014,0.0,0.0,0.0,0.0,0.006,0.0
0.014,0.0,0.028,0.834,0.004,0.014,0.004,0.004,0.052,0.046
0.03,0.028,0.006,0.08,0.002,0.124,0.008,0.016,0.126,0.58
0.026,0.04,0.008,0.012,0.706,0.024,0.026,0.076,0.07,0.012
0.004,0.008,0.008,0.008,0.01,0.012,0.93,0.0,0.01,0.01
0.0,0.816,0.046,0.054,0.0,0.002,0.002,0.012,0.064,0.004
0.838,0.004,0.0,0.006,0.016,0.044,0.016,0.018,0.036,0.022
0.006,0.006,0.0,0.002,0.936,0.008,0.028,0.006,0.006,0.002
0.002,0.002,0.008,0.948,0.0,0.008,0.002,0.0,0.006,0.024
0.006,0.04,0.0,0.008,0.034,0.002,0.878,0.01,0.018,0.004
0.006,0.824,0.008,0.01,0.016,0.016,0.004,0.018,0.094,0.004
0.006,0.012,0.0,0.002,0.926,0.0,0.02,0.022,0.008,0.004
0.004,0.01,0.002,0.002,0.91,0.012,0.044,0.016,0.0,0.0
0.0,0.876,0.034,0.01,0.002,0.0,0.004,0.018,0.052,0.004
0.034,0.032,0.01,0.002,0.408,0.02,0.01,0.286,0.074,0.124
0.0,0.0,0.01,0.98,0.0,0.002,0.0,0.0,0.0,0.008
0.02,0.018,0.038,0.004,0.006,0.82,0.028,0.014,0.042,0.01
0.006,0.006,0.004,0.0,0.002,0.0,0.974,0.0,0.008,0.0
0.014,0.052,0.012,0.04,0.018,0.078,0.01,0.024,0.634,0.118
0.038,0.008,0.0,0.032,0.006,0.724,0.002,0.022,0.034,0.134
0.006,0.006,0.002,0.008,0.05,0.734,0.024,0.074,0.016,0.08
0.002,0.002,0.002,0.0,0.014,0.004,0.972,0.0,0.004,0.0
0.012,0.008,0.014,0.704,0.006,0.044,0.004,0.008,0.112,0.088
0.0,0.014,0.026,0.818,0.0,0.016,0.006,0.002,0.042,0.076
0.0,0.01,0.016,0.882,0.0,0.014,0.002,0.002,0.012,0.062
0.002,0.022,0.706,0.128,0.006,0.018,0.012,0.008,0.078,0.02
0.844,0.002,0.004,0.016,0.008,0.042,0.002,0.008,0.03,0.044
0.98,0.0,0.0,0.0,0.006,0.0,0.006,0.006,0.0,0.002
0.012,0.006,0.006,0.026,0.0,0.016,0.002,0.01,0.008,0.914
0.012,0.154,0.004,0.01,0.08,0.038,0.008,0.084,0.12,0.49
0.038,0.008,0.012,0.02,0.032,0.03,0.804,0.002,0.038,0.016
0.004,0.04,0.068,0.026,0.072,0.044,0.004,0.53,0.09,0.122
0.004,0.046,0.576,0.092,0.002,0.01,0.012,0.024,0.202,0.032
0.932,0.0,0.002,0.002,0.014,0.02,0.012,0.002,0.01,0.006
0.0,0.664,0.054,0.026,0.042,0.052,0.002,0.022,0.122,0.016
0.002,0.018,0.002,0.006,0.09,0.066,0.0,0.154,0.024,0.638
0.006,0.048,0.044,0.712,0.002,0.014,0.002,0.032,0.056,0.084
0.0,0.012,0.012,0.002,0.05,0.014,0.892,0.0,0.016,0.002
0.02,0.006,0.044,0.038,0.008,0.78,0.038,0.018,0.034,0.014
0.028,0.026,0.01,0.01,0.686,0.044,0.04,0.074,0.064,0.018
0.002,0.004,0.002,0.0,0.01,0.0,0.978,0.0,0.004,0.0
0.004,0.468,0.046,0.042,0.008,0.002,0.03,0.01,0.37,0.02
0.984,0.0,0.0,0.0,0.002,0.004,0.0,0.004,0.006,0.0
0.006,0.006,0.07,0.716,0.0,0.004,0.002,0.008,0.036,0.152
0.0,0.016,0.884,0.024,0.002,0.014,0.01,0.004,0.02,0.026
0.004,0.01,0.008,0.03,0.0,0.032,0.004,0.008,0.008,0.896
0.0,0.002,0.024,0.904,0.002,0.006,0.0,0.002,0.04,0.02
0.02,0.01,0.012,0.004,0.012,0.898,0.018,0.008,0.012,0.006
0.0,0.044,0.026,0.07,0.002,0.782,0.0,0.014,0.04,0.022
0.004,0.04,0.026,0.034,0.166,0.148,0.002,0.236,0.21,0.134
0.092,0.03,0.016,0.052,0.01,0.076,0.106,0.01,0.554,0.054
0.002,0.006,0.002,0.01,0.01,0.946,0.012,0.006,0.004,0.002
0.018,0.044,0.012,0.022,0.038,0.484,0.174,0.03,0.15,0.028
0.002,0.066,0.464,0.074,0.0,0.02,0.002,0.036,0.326,0.01
0.012,0.0,0.002,0.008,0.012,0.042,0.908,0.004,0.002,0.01
0.01,0.008,0.002,0.052,0.014,0.026,0.022,0.0,0.022,0.844
0.006,0.044,0.008,0.056,0.088,0.122,0.008,0.172,0.158,0.338
0.0,0.056,0.032,0.698,0.006,0.068,0.026,0.008,0.03,0.076
0.022,0.01,0.01,0.016,0.06,0.752,0.072,0.032,0.024,0.002
0.016,0.014,0.006,0.14,0.01,0.064,0.0,0.016,0.014,0.72
0.008,0.066,0.01,0.01,0.056,0.72,0.072,0.02,0.028,0.01
0.0,0.006,0.014,0.034,0.002,0.914,0.0,0.002,0.022,0.006
0.034,0.552,0.004,0.008,0.26,0.008,0.016,0.052,0.028,0.038
0.034,0.606,0.004,0.018,0.134,0.016,0.024,0.026,0.08,0.058
0.012,0.002,0.004,0.002,0.942,0.012,0.006,0.02,0.0,0.0
0.002,0.044,0.038,0.02,0.1,0.116,0.002,0.306,0.15,0.222
0.01,0.012,0.004,0.004,0.906,0.002,0.012,0.02,0.026,0.004
0.0,0.034,0.058,0.696,0.004,0.022,0.0,0.03,0.136,0.02
0.002,0.004,0.002,0.004,0.002,0.004,0.972,0.0,0.008,0.002
0.982,0.0,0.002,0.002,0.0,0.008,0.004,0.0,0.002,0.0
1.0,0.0,0.0,0.0,0.0,0.0,0.0,0.0,0.0,0.0
0.0,0.09,0.036,0.04,0.162,0.09,0.0,0.28,0.168,0.134
0.038,0.0,0.0,0.01,0.0,0.09,0.002,0.004,0.022,0.834
0.008,0.002,0.0,0.04,0.0,0.022,0.0,0.0,0.002,0.926
0.026,0.002,0.024,0.11,0.0,0.042,0.0,0.006,0.01,0.78
0.02,0.09,0.002,0.008,0.224,0.028,0.026,0.166,0.064,0.372
0.0,0.032,0.922,0.016,0.0,0.006,0.002,0.002,0.01,0.01
0.018,0.078,0.006,0.008,0.014,0.022,0.012,0.014,0.802,0.026
0.002,0.006,0.008,0.008,0.008,0.002,0.0,0.942,0.01,0.014
0.022,0.014,0.006,0.0,0.07,0.044,0.82,0.0,0.022,0.002
0.006,0.004,0.006,0.024,0.0,0.044,0.002,0.0,0.018,0.896
0.016,0.002,0.004,0.018,0.004,0.024,0.912,0.0,0.01,0.01
0.006,0.098,0.638,0.046,0.014,0.014,0.012,0.026,0.144,0.002
0.002,0.004,0.014,0.008,0.016,0.01,0.92,0.0,0.024,0.002
0.0,0.116,0.002,0.0,0.824,0.008,0.022,0.012,0.01,0.006
0.006,0.02,0.032,0.01,0.016,0.02,0.872,0.002,0.016,0.006
0.002,0.106,0.014,0.08,0.024,0.552,0.024,0.02,0.06,0.118
0.0,0.014,0.944,0.012,0.0,0.0,0.002,0.006,0.018,0.004
0.002,0.002,0.002,0.01,0.016,0.012,0.008,0.884,0.038,0.026
0.0,0.004,0.958,0.014,0.0,0.006,0.002,0.002,0.014,0.0
0.0,0.086,0.068,0.16,0.004,0.49,0.002,0.058,0.106,0.026
0.004,0.006,0.014,0.024,0.01,0.012,0.0,0.906,0.022,0.002
0.004,0.016,0.09,0.054,0.006,0.026,0.012,0.01,0.732,0.05
0.98,0.0,0.004,0.004,0.0,0.0,0.008,0.002,0.0,0.002
0.004,0.002,0.012,0.022,0.012,0.002,0.0,0.916,0.018,0.012
0.002,0.0,0.002,0.002,0.002,0.0,0.988,0.002,0.002,0.0
0.0,0.002,0.0,0.002,0.006,0.0,0.0,0.988,0.002,0.0
0.012,0.028,0.052,0.242,0.01,0.154,0.152,0.008,0.104,0.238
0.004,0.006,0.0,0.0,0.958,0.0,0.026,0.0,0.006,0.0
0.018,0.02,0.008,0.024,0.016,0.116,0.004,0.012,0.02,0.762
0.926,0.002,0.002,0.004,0.002,0.028,0.01,0.002,0.004,0.02
0.002,0.798,0.0,0.016,0.008,0.008,0.008,0.012,0.018,0.13
0.008,0.006,0.004,0.152,0.002,0.06,0.0,0.0,0.02,0.748
0.02,0.01,0.008,0.04,0.092,0.008,0.008,0.774,0.02,0.02
0.0,0.478,0.368,0.042,0.0,0.056,0.014,0.004,0.026,0.012
0.09,0.086,0.002,0.038,0.078,0.252,0.05,0.058,0.048,0.298
0.012,0.012,0.068,0.032,0.02,0.002,0.022,0.022,0.784,0.026
0.014,0.014,0.016,0.004,0.018,0.87,0.032,0.022,0.01,0.0
0.0,0.002,0.016,0.93,0.0,0.014,0.0,0.0,0.01,0.028
0.088,0.04,0.002,0.022,0.118,0.37,0.036,0.06,0.038,0.226
0.956,0.004,0.01,0.0,0.016,0.004,0.0,0.002,0.006,0.002
0.002,0.592,0.02,0.022,0.03,0.052,0.214,0.008,0.056,0.004
0.002,0.31,0.034,0.02,0.34,0.014,0.076,0.034,0.156,0.014
0.002,0.44,0.104,0.22,0.006,0.026,0.002,0.012,0.064,0.124
0.02,0.046,0.02,0.112,0.026,0.296,0.018,0.058,0.312,0.092
0.884,0.002,0.006,0.014,0.006,0.02,0.004,0.006,0.016,0.042
0.754,0.002,0.012,0.014,0.026,0.136,0.03,0.012,0.004,0.01
0.0,0.046,0.012,0.006,0.054,0.702,0.028,0.046,0.084,0.022
0.02,0.018,0.004,0.0,0.84,0.008,0.05,0.038,0.014,0.008
0.0,0.018,0.028,0.88,0.002,0.006,0.0,0.004,0.022,0.04
0.0,0.038,0.544,0.306,0.014,0.016,0.002,0.012,0.034,0.034
0.0,0.018,0.006,0.012,0.092,0.002,0.002,0.816,0.036,0.016
0.012,0.022,0.062,0.046,0.042,0.044,0.024,0.054,0.588,0.106
0.008,0.002,0.002,0.0,0.952,0.004,0.012,0.0,0.018,0.002
0.002,0.836,0.046,0.024,0.006,0.012,0.01,0.008,0.052,0.004
0.006,0.062,0.016,0.054,0.046,0.086,0.004,0.086,0.166,0.474
0.006,0.182,0.006,0.018,0.046,0.028,0.002,0.594,0.072,0.046
0.01,0.032,0.026,0.078,0.012,0.042,0.008,0.04,0.724,0.028
0.026,0.026,0.008,0.006,0.058,0.024,0.798,0.01,0.038,0.006
0.0,0.0,0.006,0.008,0.0,0.006,0.0,0.978,0.0,0.002
0.984,0.0,0.002,0.002,0.002,0.002,0.002,0.0,0.002,0.004
0.948,0.0,0.002,0.0,0.02,0.006,0.012,0.006,0.004,0.002
0.012,0.014,0.004,0.02,0.066,0.008,0.0,0.814,0.036,0.026
0.004,0.01,0.748,0.038,0.002,0.004,0.002,0.002,0.186,0.004
0.0,0.068,0.034,0.382,0.014,0.08,0.004,0.168,0.198,0.052
0.788,0.012,0.004,0.012,0.09,0.012,0.052,0.006,0.01,0.014
0.002,0.002,0.008,0.012,0.006,0.008,0.0,0.948,0.004,0.01
0.01,0.11,0.056,0.03,0.008,0.014,0.032,0.006,0.706,0.028
0.0,0.006,0.004,0.012,0.006,0.004,0.002,0.958,0.008,0.0
0.006,0.092,0.016,0.25,0.016,0.116,0.006,0.006,0.072,0.42
0.952,0.004,0.0,0.002,0.006,0.016,0.0,0.002,0.006,0.012
0.002,0.004,0.002,0.006,0.018,0.0,0.0,0.938,0.006,0.024
0.996,0.0,0.0,0.0,0.0,0.002,0.0,0.0,0.0,0.002
0.006,0.008,0.032,0.842,0.0,0.008,0.018,0.004,0.016,0.066
0.952,0.0,0.002,0.0,0.018,0.006,0.0,0.0,0.006,0.016
0.138,0.03,0.08,0.234,0.04,0.034,0.114,0.06,0.098,0.172
0.01,0.106,0.008,0.012,0.074,0.016,0.72,0.004,0.044,0.006
0.002,0.014,0.0,0.006,0.004,0.004,0.0,0.938,0.012,0.02
0.006,0.07,0.534,0.228,0.006,0.006,0.008,0.012,0.028,0.102
0.0,0.03,0.862,0.014,0.006,0.034,0.008,0.002,0.04,0.004
0.004,0.916,0.004,0.004,0.018,0.022,0.0,0.002,0.01,0.02
0.008,0.014,0.008,0.002,0.052,0.048,0.004,0.79,0.032,0.042
0.022,0.028,0.062,0.2,0.024,0.112,0.0,0.216,0.19,0.146
0.0,0.004,0.952,0.018,0.0,0.002,0.0,0.0,0.02,0.004
0.0,0.008,0.88,0.024,0.002,0.016,0.012,0.004,0.048,0.006
0.008,0.022,0.0,0.004,0.88,0.022,0.014,0.026,0.01,0.014
0.0,0.022,0.016,0.81,0.0,0.036,0.008,0.0,0.024,0.084
0.102,0.006,0.0,0.0,0.808,0.02,0.046,0.016,0.0,0.002
0.01,0.0,0.002,0.0,0.976,0.002,0.002,0.004,0.002,0.002
0.002,0.038,0.198,0.578,0.012,0.014,0.008,0.072,0.046,0.032
0.0,0.01,0.0,0.002,0.01,0.002,0.0,0.972,0.002,0.002
0.002,0.008,0.038,0.064,0.028,0.02,0.002,0.736,0.09,0.012
0.016,0.014,0.004,0.036,0.002,0.078,0.002,0.004,0.02,0.824
0.01,0.214,0.004,0.176,0.046,0.296,0.1,0.002,0.054,0.098
0.0,0.012,0.046,0.866,0.0,0.046,0.0,0.008,0.008,0.014
0.022,0.598,0.004,0.018,0.162,0.04,0.018,0.018,0.014,0.106
0.962,0.002,0.002,0.006,0.018,0.0,0.004,0.002,0.002,0.002
0.008,0.05,0.036,0.468,0.006,0.066,0.002,0.05,0.144,0.17
0.99,0.0,0.0,0.002,0.0,0.006,0.0,0.0,0.002,0.0
0.972,0.002,0.0,0.0,0.01,0.002,0.002,0.0,0.0,0.012
0.0,0.012,0.942,0.02,0.0,0.0,0.0,0.006,0.016,0.004
0.144,0.016,0.024,0.0,0.014,0.626,0.068,0.022,0.082,0.004
0.022,0.02,0.02,0.01,0.316,0.074,0.004,0.11,0.1,0.324
0.012,0.048,0.444,0.154,0.018,0.062,0.004,0.146,0.094,0.018
0.016,0.048,0.034,0.112,0.022,0.034,0.008,0.044,0.55,0.132
0.0,0.01,0.0,0.0,0.97,0.0,0.0,0.01,0.006,0.004
0.008,0.002,0.002,0.0,0.934,0.012,0.018,0.016,0.008,0.0
0.0,0.558,0.042,0.01,0.052,0.05,0.256,0.004,0.016,0.012
0.0,0.016,0.0,0.0,0.788,0.046,0.142,0.004,0.004,0.0
0.028,0.032,0.024,0.128,0.026,0.15,0.036,0.012,0.138,0.426
0.004,0.016,0.064,0.722,0.004,0.016,0.0,0.01,0.02,0.144
0.004,0.566,0.014,0.086,0.046,0.03,0.016,0.024,0.084,0.13
0.984,0.0,0.002,0.0,0.006,0.0,0.004,0.002,0.0,0.002
0.0,0.63,0.146,0.024,0.006,0.018,0.104,0.004,0.064,0.004
0.0,0.002,0.006,0.006,0.008,0.932,0.006,0.024,0.016,0.0
0.002,0.792,0.016,0.006,0.046,0.008,0.046,0.012,0.07,0.002
0.0,0.012,0.01,0.03,0.018,0.85,0.014,0.004,0.026,0.036
0.0,0.082,0.016,0.106,0.004,0.074,0.008,0.014,0.108,0.588
0.006,0.022,0.01,0.866,0.002,0.026,0.002,0.002,0.012,0.052
0.0,0.016,0.746,0.126,0.002,0.036,0.008,0.012,0.048,0.006
0.984,0.0,0.0,0.0,0.002,0.004,0.006,0.002,0.0,0.002
0.0,0.008,0.004,0.0,0.004,0.006,0.952,0.0,0.026,0.0
0.006,0.046,0.144,0.59,0.008,0.022,0.006,0.022,0.06,0.096
0.044,0.012,0.0,0.05,0.012,0.066,0.792,0.004,0.01,0.01
0.0,0.004,0.016,0.012,0.012,0.892,0.014,0.026,0.016,0.008
0.0,0.91,0.03,0.02,0.006,0.004,0.0,0.014,0.016,0.0
0.0,0.004,0.012,0.952,0.0,0.01,0.002,0.006,0.002,0.012
0.0,0.018,0.008,0.002,0.014,0.004,0.002,0.924,0.016,0.012
0.018,0.016,0.0,0.008,0.078,0.036,0.816,0.008,0.02,0.0
0.076,0.006,0.01,0.0,0.852,0.004,0.014,0.006,0.016,0.016
0.116,0.056,0.012,0.01,0.292,0.046,0.2,0.052,0.174,0.042
0.008,0.04,0.04,0.624,0.014,0.038,0.01,0.008,0.112,0.106
0.0,0.22,0.586,0.014,0.016,0.042,0.048,0.008,0.04,0.026
0.004,0.008,0.008,0.01,0.008,0.04,0.89,0.002,0.02,0.01
1.0,0.0,0.0,0.0,0.0,0.0,0.0,0.0,0.0,0.0
0.0,0.008,0.01,0.078,0.008,0.0,0.004,0.886,0.0,0.006
0.044,0.12,0.022,0.02,0.276,0.024,0.106,0.152,0.186,0.05
0.016,0.006,0.002,0.004,0.018,0.016,0.006,0.884,0.014,0.034
0.002,0.012,0.0,0.012,0.06,0.028,0.006,0.796,0.04,0.044
0.016,0.006,0.004,0.014,0.014,0.026,0.89,0.004,0.018,0.008
0.008,0.118,0.098,0.182,0.026,0.006,0.02,0.038,0.44,0.064
0.0,0.634,0.058,0.074,0.016,0.028,0.048,0.008,0.094,0.04
0.0,0.004,0.002,0.008,0.002,0.95,0.0,0.0,0.006,0.028
0.008,0.0,0.0,0.002,0.01,0.002,0.974,0.0,0.0,0.004
0.008,0.022,0.022,0.614,0.002,0.044,0.006,0.002,0.026,0.254
0.158,0.134,0.048,0.018,0.052,0.196,0.038,0.098,0.19,0.068
0.004,0.016,0.054,0.704,0.014,0.054,0.078,0.008,0.054,0.014
0.014,0.48,0.016,0.032,0.094,0.042,0.01,0.1,0.046,0.166
0.0,0.012,0.056,0.844,0.0,0.01,0.012,0.01,0.042,0.014
0.012,0.006,0.004,0.0,0.9,0.03,0.016,0.014,0.016,0.002
0.01,0.796,0.0,0.002,0.144,0.004,0.032,0.0,0.008,0.004
0.0,0.014,0.004,0.04,0.068,0.02,0.002,0.752,0.046,0.054
0.004,0.01,0.002,0.014,0.022,0.006,0.002,0.896,0.014,0.03
0.002,0.02,0.064,0.84,0.002,0.018,0.0,0.002,0.024,0.028
0.01,0.026,0.064,0.026,0.002,0.014,0.012,0.012,0.79,0.044
0.008,0.004,0.004,0.07,0.004,0.722,0.012,0.002,0.018,0.156
0.012,0.052,0.048,0.064,0.058,0.108,0.008,0.168,0.104,0.378
0.916,0.006,0.008,0.002,0.008,0.014,0.028,0.0,0.012,0.006
0.012,0.044,0.054,0.058,0.014,0.018,0.014,0.028,0.704,0.054
0.01,0.094,0.624,0.136,0.004,0.002,0.012,0.022,0.07,0.026
0.01,0.038,0.096,0.06,0.028,0.038,0.008,0.066,0.506,0.15
0.002,0.026,0.048,0.628,0.0,0.052,0.0,0.004,0.082,0.158
0.692,0.028,0.044,0.014,0.012,0.012,0.022,0.028,0.062,0.086
0.002,0.062,0.778,0.042,0.002,0.016,0.028,0.008,0.048,0.014
0.012,0.028,0.014,0.022,0.01,0.688,0.162,0.002,0.03,0.032
0.998,0.0,0.0,0.0,0.0,0.002,0.0,0.0,0.0,0.0
0.016,0.016,0.064,0.048,0.006,0.014,0.058,0.002,0.746,0.03
0.0,0.832,0.004,0.01,0.044,0.014,0.002,0.044,0.034,0.016
0.0,0.002,0.004,0.014,0.002,0.0,0.0,0.972,0.004,0.002
0.0,0.052,0.018,0.006,0.02,0.856,0.004,0.004,0.016,0.024
0.006,0.01,0.002,0.0,0.064,0.01,0.006,0.866,0.018,0.018
0.842,0.006,0.018,0.002,0.026,0.01,0.05,0.002,0.024,0.02
0.006,0.014,0.872,0.018,0.002,0.014,0.01,0.004,0.054,0.006
0.014,0.012,0.004,0.018,0.002,0.054,0.0,0.006,0.02,0.87
0.114,0.056,0.02,0.028,0.156,0.04,0.34,0.048,0.166,0.032
0.004,0.124,0.624,0.03,0.012,0.006,0.072,0.0,0.118,0.01
0.01,0.002,0.002,0.004,0.028,0.002,0.002,0.936,0.004,0.01
0.02,0.006,0.02,0.036,0.034,0.684,0.124,0.016,0.036,0.024
0.0,0.306,0.322,0.218,0.01,0.026,0.0,0.01,0.028,0.08
0.0,0.15,0.55,0.058,0.008,0.038,0.008,0.008,0.148,0.032
0.008,0.024,0.06,0.648,0.008,0.046,0.0,0.088,0.038,0.08
0.008,0.068,0.03,0.29,0.006,0.116,0.012,0.008,0.336,0.126
0.022,0.01,0.06,0.056,0.012,0.006,0.016,0.012,0.78,0.026
0.016,0.04,0.278,0.162,0.012,0.016,0.014,0.176,0.22,0.066
0.906,0.004,0.002,0.0,0.032,0.02,0.008,0.012,0.01,0.006
0.004,0.004,0.002,0.004,0.004,0.002,0.974,0.0,0.006,0.0
0.012,0.054,0.006,0.002,0.076,0.736,0.064,0.02,0.022,0.008
0.0,0.0,0.004,0.976,0.0,0.004,0.0,0.0,0.004,0.012
0.004,0.03,0.014,0.0,0.018,0.006,0.92,0.002,0.004,0.002
0.004,0.1,0.61,0.058,0.008,0.02,0.01,0.012,0.168,0.01
0.016,0.658,0.014,0.05,0.012,0.01,0.002,0.01,0.01,0.218
0.012,0.016,0.016,0.036,0.014,0.008,0.006,0.028,0.832,0.032
0.0,0.002,0.004,0.0,0.016,0.004,0.002,0.966,0.004,0.002
0.014,0.016,0.042,0.086,0.008,0.03,0.03,0.03,0.706,0.038
0.008,0.006,0.034,0.046,0.006,0.046,0.016,0.004,0.724,0.11
0.002,0.008,0.816,0.068,0.004,0.002,0.0,0.012,0.08,0.008
0.086,0.042,0.006,0.0,0.798,0.002,0.046,0.0,0.018,0.002
0.0,0.714,0.028,0.042,0.056,0.016,0.008,0.056,0.062,0.018
0.002,0.002,0.022,0.872,0.006,0.004,0.006,0.004,0.032,0.05
0.006,0.022,0.024,0.056,0.072,0.124,0.014,0.066,0.02,0.596
0.006,0.02,0.084,0.444,0.01,0.09,0.0,0.01,0.116,0.22
0.0,0.03,0.078,0.658,0.002,0.06,0.036,0.022,0.036,0.078
0.0,0.052,0.082,0.044,0.02,0.044,0.002,0.04,0.684,0.032
0.0,0.624,0.186,0.01,0.012,0.06,0.066,0.004,0.028,0.01
0.004,0.028,0.06,0.07,0.124,0.098,0.004,0.242,0.268,0.102
0.696,0.01,0.01,0.044,0.064,0.028,0.108,0.004,0.012,0.024
0.0,0.05,0.02,0.09,0.004,0.064,0.004,0.008,0.746,0.014
0.036,0.026,0.002,0.002,0.52,0.036,0.02,0.304,0.038,0.016
0.006,0.712,0.056,0.022,0.004,0.006,0.06,0.006,0.114,0.014
0.004,0.008,0.048,0.132,0.008,0.038,0.006,0.066,0.03,0.66
0.018,0.016,0.002,0.038,0.006,0.044,0.862,0.0,0.01,0.004
0.0,0.022,0.09,0.088,0.002,0.028,0.0,0.03,0.704,0.036
0.016,0.096,0.014,0.052,0.022,0.06,0.0,0.118,0.012,0.61
0.008,0.01,0.03,0.028,0.002,0.014,0.008,0.008,0.872,0.02
0.002,0.004,0.02,0.782,0.004,0.012,0.0,0.008,0.138,0.03
0.0,0.138,0.066,0.048,0.03,0.066,0.002,0.318,0.296,0.036
0.006,0.01,0.006,0.01,0.002,0.02,0.0,0.0,0.02,0.926
0.988,0.0,0.0,0.002,0.004,0.0,0.004,0.0,0.0,0.002
0.0,0.01,0.004,0.002,0.0,0.95,0.002,0.004,0.02,0.008
0.0,0.004,0.006,0.024,0.0,0.944,0.0,0.004,0.008,0.01
0.002,0.006,0.034,0.064,0.018,0.016,0.0,0.804,0.036,0.02
0.0,0.004,0.006,0.012,0.006,0.002,0.0,0.95,0.002,0.018
0.002,0.04,0.012,0.016,0.008,0.008,0.006,0.89,0.014,0.004
0.0,0.022,0.024,0.04,0.01,0.028,0.022,0.006,0.81,0.038
0.008,0.006,0.006,0.004,0.042,0.028,0.008,0.884,0.014,0.0
0.0,0.154,0.59,0.008,0.002,0.062,0.13,0.002,0.044,0.008
0.012,0.03,0.002,0.0,0.716,0.024,0.178,0.012,0.02,0.006
0.0,0.812,0.014,0.024,0.002,0.022,0.006,0.004,0.046,0.07
0.948,0.002,0.0,0.0,0.016,0.002,0.01,0.006,0.014,0.002
0.992,0.0,0.002,0.0,0.0,0.002,0.0,0.002,0.002,0.0
0.072,0.106,0.136,0.014,0.102,0.044,0.032,0.064,0.392,0.038
0.01,0.014,0.004,0.026,0.09,0.758,0.044,0.022,0.01,0.022
0.002,0.08,0.066,0.364,0.018,0.03,0.052,0.028,0.216,0.144
0.0,0.818,0.058,0.028,0.008,0.012,0.0,0.04,0.03,0.006
0.002,0.072,0.222,0.274,0.014,0.018,0.006,0.188,0.188,0.016
0.012,0.036,0.018,0.046,0.0,0.016,0.004,0.008,0.038,0.822
0.002,0.024,0.836,0.046,0.004,0.006,0.004,0.008,0.058,0.012
0.0,0.002,0.0,0.018,0.0,0.952,0.0,0.002,0.016,0.01
0.004,0.068,0.704,0.032,0.014,0.012,0.024,0.03,0.096,0.016
0.014,0.036,0.008,0.038,0.03,0.014,0.0,0.75,0.034,0.076
0.0,0.92,0.02,0.004,0.008,0.0,0.0,0.01,0.038,0.0
0.002,0.026,0.038,0.074,0.03,0.05,0.006,0.018,0.626,0.13
0.006,0.034,0.008,0.046,0.022,0.622,0.006,0.006,0.082,0.168
0.002,0.012,0.06,0.868,0.0,0.01,0.0,0.002,0.018,0.028
0.008,0.034,0.016,0.066,0.004,0.012,0.002,0.026,0.826,0.006
0.0,0.734,0.096,0.076,0.0,0.034,0.008,0.002,0.028,0.022
0.0,0.08,0.116,0.594,0.002,0.016,0.0,0.03,0.134,0.028
0.0,0.0,0.002,0.006,0.006,0.0,0.002,0.97,0.01,0.004
0.0,0.014,0.94,0.012,0.002,0.0,0.0,0.006,0.026,0.0
0.988,0.0,0.0,0.004,0.0,0.002,0.004,0.0,0.002,0.0
0.002,0.012,0.002,0.004,0.012,0.948,0.008,0.004,0.006,0.002
0.014,0.004,0.006,0.0,0.958,0.006,0.002,0.0,0.01,0.0
0.0,0.922,0.01,0.002,0.008,0.004,0.002,0.0,0.02,0.032
0.002,0.754,0.006,0.028,0.04,0.038,0.002,0.016,0.038,0.076
0.0,0.014,0.024,0.916,0.002,0.008,0.002,0.004,0.014,0.016
0.008,0.72,0.002,0.022,0.104,0.018,0.012,0.018,0.046,0.05
0.0,0.002,0.0,0.01,0.004,0.962,0.0,0.004,0.016,0.002
1.0,0.0,0.0,0.0,0.0,0.0,0.0,0.0,0.0,0.0
0.0,0.134,0.004,0.018,0.704,0.052,0.046,0.01,0.022,0.01
0.002,0.01,0.012,0.048,0.002,0.024,0.006,0.018,0.008,0.87
0.002,0.002,0.002,0.008,0.0,0.01,0.96,0.0,0.014,0.002
0.968,0.0,0.0,0.002,0.004,0.006,0.002,0.008,0.006,0.004
0.0,0.006,0.006,0.002,0.0,0.0,0.976,0.002,0.008,0.0
0.004,0.008,0.826,0.022,0.004,0.002,0.016,0.012,0.098,0.008
0.004,0.002,0.0,0.012,0.01,0.904,0.016,0.022,0.018,0.012
0.02,0.032,0.066,0.53,0.018,0.014,0.052,0.01,0.1,0.158
0.0,0.0,0.0,0.004,0.004,0.95,0.014,0.01,0.006,0.012
0.02,0.024,0.028,0.066,0.066,0.006,0.002,0.692,0.076,0.02
0.006,0.062,0.432,0.046,0.034,0.052,0.014,0.212,0.108,0.034
0.0,0.0,0.012,0.958,0.0,0.002,0.0,0.004,0.01,0.014
0.004,0.006,0.004,0.006,0.01,0.006,0.0,0.946,0.01,0.008
0.27,0.014,0.008,0.0,0.512,0.028,0.134,0.012,0.014,0.008
0.03,0.144,0.078,0.092,0.11,0.008,0.242,0.022,0.188,0.086
0.0,0.002,0.016,0.962,0.0,0.004,0.0,0.0,0.0,0.016
0.056,0.04,0.442,0.17,0.004,0.022,0.012,0.056,0.036,0.162
0.802,0.006,0.0,0.002,0.044,0.006,0.118,0.0,0.006,0.016
0.014,0.026,0.004,0.008,0.816,0.032,0.026,0.022,0.022,0.03
0.0,0.002,0.982,0.01,0.0,0.0,0.0,0.002,0.0,0.004
0.006,0.044,0.132,0.156,0.006,0.042,0.042,0.028,0.516,0.028
0.066,0.074,0.056,0.116,0.008,0.11,0.016,0.044,0.252,0.258
0.016,0.0,0.004,0.002,0.91,0.012,0.044,0.006,0.004,0.002
0.0,0.0,0.002,0.0,0.976,0.008,0.01,0.0,0.002,0.002
0.0,0.46,0.346,0.008,0.004,0.084,0.048,0.0,0.038,0.012
0.864,0.016,0.006,0.0,0.072,0.0,0.024,0.008,0.008,0.002
0.012,0.536,0.02,0.012,0.15,0.002,0.026,0.026,0.202,0.014
0.002,0.014,0.006,0.012,0.018,0.016,0.872,0.012,0.038,0.01
0.002,0.038,0.814,0.028,0.006,0.024,0.006,0.004,0.058,0.02
0.986,0.002,0.0,0.0,0.002,0.008,0.0,0.0,0.0,0.002
0.89,0.002,0.01,0.004,0.034,0.004,0.012,0.02,0.012,0.012
0.004,0.032,0.014,0.062,0.056,0.034,0.002,0.668,0.066,0.062
0.004,0.018,0.028,0.064,0.038,0.078,0.028,0.058,0.56,0.124
0.016,0.0,0.014,0.128,0.002,0.068,0.002,0.002,0.012,0.756
0.006,0.024,0.064,0.068,0.026,0.058,0.0,0.63,0.07,0.054
0.002,0.79,0.024,0.018,0.012,0.008,0.006,0.02,0.112,0.008
0.002,0.008,0.002,0.036,0.002,0.058,0.004,0.016,0.022,0.85
0.988,0.002,0.0,0.002,0.0,0.002,0.002,0.0,0.002,0.002
0.002,0.034,0.882,0.024,0.0,0.004,0.002,0.0,0.048,0.004
0.128,0.02,0.01,0.008,0.61,0.022,0.174,0.016,0.01,0.002
0.004,0.004,0.002,0.002,0.004,0.002,0.0,0.972,0.004,0.006
0.008,0.044,0.018,0.01,0.134,0.016,0.008,0.73,0.02,0.012
0.022,0.108,0.018,0.07,0.02,0.006,0.08,0.01,0.614,0.052
0.01,0.472,0.028,0.064,0.078,0.026,0.012,0.138,0.128,0.044
0.008,0.052,0.022,0.122,0.004,0.02,0.034,0.016,0.032,0.69
0.0,0.012,0.004,0.012,0.014,0.016,0.002,0.91,0.01,0.02
0.002,0.006,0.0,0.0,0.024,0.0,0.002,0.958,0.006,0.002
0.006,0.042,0.02,0.008,0.016,0.02,0.016,0.78,0.088,0.004
0.006,0.582,0.008,0.004,0.088,0.028,0.086,0.038,0.158,0.002
0.012,0.008,0.002,0.01,0.862,0.042,0.014,0.018,0.012,0.02
0.042,0.136,0.036,0.088,0.082,0.042,0.018,0.064,0.17,0.322
0.002,0.078,0.008,0.044,0.002,0.044,0.0,0.0,0.004,0.818
0.01,0.076,0.002,0.002,0.866,0.008,0.008,0.018,0.008,0.002
0.086,0.072,0.472,0.016,0.022,0.12,0.104,0.0,0.084,0.024
0.0,0.002,0.0,0.002,0.002,0.0,0.0,0.988,0.006,0.0
0.002,0.612,0.054,0.06,0.076,0.05,0.04,0.042,0.052,0.012
0.004,0.012,0.02,0.594,0.002,0.134,0.01,0.01,0.042,0.172
0.0,0.014,0.052,0.124,0.0,0.008,0.006,0.002,0.748,0.046
0.032,0.028,0.01,0.006,0.096,0.062,0.722,0.014,0.026,0.004
0.0,0.958,0.0,0.006,0.016,0.002,0.0,0.002,0.016,0.0
0.014,0.03,0.014,0.022,0.24,0.052,0.01,0.466,0.096,0.056
0.116,0.036,0.006,0.034,0.162,0.25,0.132,0.034,0.112,0.118
0.0,0.036,0.046,0.368,0.018,0.14,0.002,0.136,0.224,0.03
0.094,0.018,0.01,0.004,0.058,0.048,0.734,0.0,0.022,0.012
0.002,0.036,0.044,0.042,0.084,0.068,0.046,0.614,0.048,0.016
0.004,0.308,0.026,0.01,0.476,0.004,0.08,0.014,0.072,0.006
0.914,0.0,0.01,0.004,0.008,0.006,0.004,0.014,0.014,0.026
0.008,0.008,0.004,0.002,0.86,0.006,0.0,0.096,0.008,0.008
0.0,0.742,0.04,0.02,0.018,0.032,0.012,0.01,0.112,0.014
0.02,0.022,0.008,0.0,0.814,0.044,0.022,0.032,0.032,0.006
0.0,0.0,0.01,0.902,0.0,0.02,0.004,0.0,0.02,0.044
0.002,0.034,0.028,0.148,0.014,0.54,0.128,0.002,0.028,0.076
0.0,0.054,0.016,0.04,0.004,0.822,0.012,0.004,0.012,0.036
0.972,0.0,0.0,0.002,0.006,0.008,0.002,0.008,0.002,0.0
0.042,0.02,0.008,0.042,0.012,0.066,0.026,0.026,0.04,0.718
0.966,0.0,0.004,0.0,0.004,0.0,0.012,0.002,0.006,0.006
0.974,0.0,0.0,0.0,0.022,0.002,0.0,0.0,0.0,0.002
0.008,0.0,0.004,0.05,0.0,0.118,0.0,0.0,0.008,0.812
0.002,0.938,0.012,0.0,0.006,0.006,0.0,0.004,0.02,0.012
0.998,0.0,0.0,0.0,0.0,0.0,0.0,0.002,0.0,0.0
0.016,0.01,0.014,0.0,0.742,0.048,0.014,0.11,0.018,0.028
0.98,0.0,0.0,0.0,0.016,0.0,0.0,0.0,0.004,0.0
0.0,0.014,0.008,0.034,0.008,0.868,0.018,0.012,0.026,0.012
0.0,0.028,0.044,0.12,0.04,0.032,0.0,0.604,0.104,0.028
0.0,0.764,0.1,0.006,0.01,0.064,0.032,0.0,0.012,0.012
0.002,0.138,0.036,0.074,0.004,0.102,0.004,0.042,0.572,0.026
0.0,0.002,0.0,0.002,0.004,0.002,0.986,0.0,0.002,0.002
0.01,0.042,0.01,0.058,0.026,0.114,0.012,0.028,0.058,0.642
0.056,0.002,0.024,0.118,0.002,0.038,0.0,0.002,0.02,0.738
0.0,0.112,0.042,0.04,0.026,0.56,0.002,0.06,0.046,0.112
0.732,0.008,0.058,0.034,0.002,0.04,0.006,0.014,0.004,0.102
0.008,0.074,0.006,0.008,0.044,0.018,0.004,0.022,0.008,0.808
0.99,0.0,0.0,0.002,0.0,0.0,0.0,0.0,0.006,0.002
0.004,0.094,0.108,0.026,0.03,0.032,0.018,0.042,0.62,0.026
0.0,0.0,0.0,0.004,0.004,0.0,0.992,0.0,0.0,0.0
0.772,0.01,0.01,0.004,0.02,0.024,0.086,0.006,0.034,0.034
0.002,0.026,0.838,0.058,0.006,0.004,0.0,0.006,0.03,0.03
0.0,0.94,0.014,0.012,0.004,0.0,0.0,0.008,0.022,0.0
0.01,0.004,0.008,0.0,0.036,0.004,0.926,0.002,0.006,0.004
0.002,0.01,0.072,0.67,0.012,0.026,0.0,0.118,0.018,0.072
0.098,0.004,0.004,0.012,0.02,0.706,0.008,0.022,0.014,0.112
0.0,0.032,0.848,0.032,0.008,0.01,0.028,0.004,0.016,0.022
0.002,0.406,0.028,0.022,0.042,0.056,0.008,0.158,0.252,0.026
0.014,0.02,0.002,0.0,0.924,0.002,0.014,0.006,0.016,0.002
0.098,0.424,0.042,0.024,0.068,0.012,0.018,0.048,0.036,0.23
0.004,0.004,0.004,0.096,0.0,0.0,0.0,0.002,0.016,0.874
0.012,0.0,0.0,0.028,0.002,0.056,0.006,0.0,0.004,0.892
0.924,0.008,0.0,0.002,0.01,0.014,0.008,0.0,0.018,0.016
0.0,0.006,0.868,0.036,0.002,0.014,0.002,0.01,0.04,0.022
0.004,0.618,0.012,0.024,0.03,0.008,0.008,0.026,0.03,0.24
0.002,0.022,0.042,0.02,0.004,0.016,0.008,0.006,0.862,0.018
0.0,0.008,0.002,0.014,0.016,0.0,0.002,0.918,0.024,0.016
0.002,0.024,0.018,0.008,0.016,0.89,0.006,0.01,0.016,0.01
0.996,0.0,0.0,0.002,0.0,0.0,0.0,0.0,0.0,0.002
0.002,0.02,0.934,0.012,0.002,0.014,0.002,0.002,0.008,0.004
0.034,0.004,0.004,0.01,0.002,0.03,0.0,0.002,0.008,0.906
0.0,0.002,0.006,0.908,0.0,0.032,0.002,0.0,0.02,0.03
0.01,0.88,0.0,0.004,0.05,0.004,0.014,0.016,0.02,0.002
0.972,0.002,0.002,0.0,0.002,0.008,0.0,0.0,0.006,0.008
0.0,0.002,0.012,0.028,0.002,0.02,0.0,0.0,0.012,0.924
